No	Time_Offset	Type	ID	Data_Length	One	Two	Three	Four	Five	Six	Seven	Eight	0)	0.0	0	0391	8	00	00	00	00	00	00	00	00
1)	0.0	0	04F1	4	20	FF	65	41
2)	0.0	0	050C	8	C3	FF	03	FF	37	20	60	E0
3)	0.0	0	052A	8	FF	00	00	00	02	00	FF	01
4)	0.0	0	05B0	4	9F	30	00	00
5)	1.0	0	052A	8	FF	00	00	00	02	00	FF	01
6)	1.0	0	05B0	4	9F	30	00	00
7)	4.0	0	0391	8	00	00	00	00	00	00	00	00
8)	5.0	0	04F1	4	20	FF	65	B1
9)	5.0	0	050C	8	C3	FF	03	FF	37	20	60	80
10)	24.9	0	0391	8	00	00	00	00	00	00	00	00
11)	24.9	0	04F1	4	00	FF	65	C1
12)	25.9	0	050C	8	C3	FF	03	FF	37	20	60	90
13)	44.9	0	0391	8	00	00	00	00	00	00	00	00
14)	44.9	0	04F1	4	20	FF	65	D1
15)	64.8	0	0391	8	00	00	00	00	00	00	00	00
16)	64.8	0	04F1	4	20	FF	65	E1
17)	84.8	0	0391	8	00	00	00	00	00	00	00	00
18)	84.8	0	04F1	4	00	FF	65	F1
19)	104.7	0	0391	8	00	00	00	00	00	00	00	00
20)	104.7	0	04F1	4	00	FF	65	01
21)	124.6	0	0391	8	00	00	00	00	00	00	00	00
22)	124.6	0	04F1	4	20	FF	65	11
23)	125.6	0	050C	8	C3	FF	03	FF	37	20	60	A0
24)	126.6	0	052A	8	FF	00	00	00	02	00	FF	01
25)	144.5	0	0391	8	00	00	00	00	00	00	00	00
26)	144.5	0	04F1	4	20	FF	65	21
27)	164.4	0	0391	8	00	00	00	00	00	00	00	00
28)	164.4	0	04F1	4	00	FF	65	31
29)	184.4	0	0391	8	00	00	00	00	00	00	00	00
30)	185.4	0	04F1	4	20	FF	65	41
31)	204.4	0	0391	8	00	00	00	00	00	00	00	00
32)	205.3	0	04F1	4	00	FF	65	51
33)	224.2	0	0391	8	00	00	00	00	00	00	00	00
34)	224.2	0	04F1	4	00	FF	65	61
35)	225.3	0	050C	8	C3	FF	03	FF	37	20	60	B0
36)	244.2	0	0391	8	00	00	00	00	00	00	00	00
37)	245.2	0	04F1	4	20	FF	65	71
38)	264.2	0	0391	8	00	00	00	00	00	00	00	00
39)	265.1	0	04F1	4	20	FF	65	81
40)	284.1	0	0391	8	00	00	00	00	00	00	00	00
41)	285.0	0	04F1	4	00	FF	65	91
42)	304.0	0	0391	8	00	00	00	00	00	00	00	00
43)	305.0	0	04F1	4	00	FF	65	A1
44)	324.0	0	0391	8	00	00	00	00	00	00	00	00
45)	324.9	0	04F1	4	20	FF	65	B1
46)	325.9	0	050C	8	C3	FF	03	FF	37	20	60	C0
47)	325.9	0	052A	8	FF	00	00	00	02	00	FF	01
48)	344.8	0	0391	8	00	00	00	00	00	00	00	00
49)	344.8	0	04F1	4	00	FF	65	C1
50)	364.8	0	0391	8	00	00	00	00	00	00	00	00
51)	364.8	0	04F1	4	20	FF	65	D1
52)	384.8	0	0391	8	00	00	00	00	00	00	00	00
53)	384.8	0	04F1	4	20	FF	65	E1
54)	404.7	0	0391	8	00	00	00	00	00	00	00	00
55)	404.7	0	04F1	4	00	FF	65	F1
56)	424.6	0	0391	8	00	00	00	00	00	00	00	00
57)	424.6	0	04F1	4	00	FF	65	01
58)	425.6	0	050C	8	C3	FF	03	FF	37	20	60	D0
59)	444.6	0	0391	8	00	00	00	00	00	00	00	00
60)	445.5	0	04F1	4	20	FF	65	11
61)	464.5	0	0391	8	00	00	00	00	00	00	00	00
62)	464.5	0	04F1	4	20	FF	65	21
63)	484.4	0	0391	8	00	00	00	00	00	00	00	00
64)	485.4	0	04F1	4	00	FF	65	31
65)	504.4	0	0391	8	00	00	00	00	00	00	00	00
66)	504.4	0	04F1	4	20	FF	65	41
67)	524.2	0	0391	8	00	00	00	00	00	00	00	00
68)	524.2	0	04F1	4	00	FF	65	51
69)	525.2	0	050C	8	C3	FF	03	FF	37	20	60	E0
70)	525.2	0	052A	8	FF	00	00	00	02	00	FF	01
71)	526.2	0	05B0	4	9F	30	00	00
72)	544.2	0	0391	8	00	00	00	00	00	00	00	00
73)	545.2	0	04F1	4	00	FF	65	61
74)	564.2	0	0391	8	00	00	00	00	00	00	00	00
75)	564.2	0	04F1	4	20	FF	65	71
76)	584.1	0	0391	8	00	00	00	00	00	00	00	00
77)	585.0	0	04F1	4	20	FF	65	81
78)	604.0	0	0391	8	00	00	00	00	00	00	00	00
79)	605.0	0	04F1	4	00	FF	65	91
80)	624.0	0	0391	8	00	00	00	00	00	00	00	00
81)	624.9	0	04F1	4	00	FF	65	A1
82)	624.9	0	050C	8	C3	FF	03	FF	37	20	60	F0
83)	643.8	0	0391	8	00	00	00	00	00	00	00	00
84)	644.8	0	04F1	4	20	FF	65	B1
85)	663.8	0	0391	8	00	00	00	00	00	00	00	00
86)	664.8	0	04F1	4	00	FF	65	C1
87)	684.7	0	0391	8	00	00	00	00	00	00	00	00
88)	684.7	0	04F1	4	20	FF	65	D1
89)	704.7	0	0391	8	00	00	00	00	00	00	00	00
90)	704.7	0	04F1	4	20	FF	65	E1
91)	724.6	0	0391	8	00	00	00	00	00	00	00	00
92)	724.6	0	04F1	4	00	FF	65	F1
93)	725.6	0	050C	8	C3	FF	03	FF	37	20	60	00
94)	725.6	0	052A	8	FF	00	00	00	02	00	FF	01
95)	744.5	0	0391	8	00	00	00	00	00	00	00	00
96)	744.5	0	04F1	4	00	FF	65	01
97)	764.5	0	0391	8	00	00	00	00	00	00	00	00
98)	764.5	0	04F1	4	20	FF	65	11
99)	784.4	0	0391	8	00	00	00	00	00	00	00	00
100)	784.4	0	04F1	4	20	FF	65	21
101)	804.4	0	0391	8	00	00	00	00	00	00	00	00
102)	805.3	0	04F1	4	00	FF	65	31
103)	824.2	0	0391	8	00	00	00	00	00	00	00	00
104)	824.2	0	04F1	4	20	FF	65	41
105)	825.3	0	050C	8	C3	FF	03	FF	37	20	60	10
106)	844.2	0	0391	8	00	00	00	00	00	00	00	00
107)	844.2	0	04F1	4	00	FF	65	51
108)	864.2	0	0391	8	00	00	00	00	00	00	00	00
109)	865.1	0	04F1	4	00	FF	65	61
110)	884.0	0	0391	8	00	00	00	00	00	00	00	00
111)	885.0	0	04F1	4	20	FF	65	71
112)	904.0	0	0391	8	00	00	00	00	00	00	00	00
113)	905.0	0	04F1	4	20	FF	65	81
114)	923.9	0	0391	8	00	00	00	00	00	00	00	00
115)	924.9	0	04F1	4	00	FF	65	91
116)	925.9	0	050C	8	C3	FF	03	FF	37	20	60	20
117)	925.9	0	052A	8	FF	00	00	00	02	00	FF	01
118)	943.9	0	0391	8	00	00	00	00	00	00	00	00
119)	943.9	0	04F1	4	00	FF	65	A1
120)	964.3	0	0391	8	00	00	00	00	00	00	00	00
121)	964.3	0	04F1	4	20	FF	65	B1
122)	984.2	0	0391	8	00	00	00	00	00	00	00	00
123)	984.2	0	04F1	4	00	FF	65	C1
124)	1004.2	0	0391	8	00	00	00	00	00	00	00	00
125)	1004.2	0	04F1	4	20	FF	65	D1
126)	1024.1	0	0391	8	00	00	00	00	00	00	00	00
127)	1024.1	0	04F1	4	20	FF	65	E1
128)	1024.1	0	050C	8	C3	FF	03	FF	37	20	60	30
129)	1044.1	0	0391	8	00	00	00	00	00	00	00	00
130)	1045.1	0	04F1	4	00	FF	65	F1
131)	1064.1	0	0391	8	00	00	00	00	00	00	00	00
132)	1065.0	0	04F1	4	00	FF	65	01
133)	1083.9	0	0391	8	00	00	00	00	00	00	00	00
134)	1084.9	0	04F1	4	20	FF	65	11
135)	1103.9	0	0391	8	00	00	00	00	00	00	00	00
136)	1104.8	0	04F1	4	20	FF	65	21
137)	1123.8	0	0391	8	00	00	00	00	00	00	00	00
138)	1124.8	0	04F1	4	00	FF	65	31
139)	1124.8	0	050C	8	C3	FF	03	FF	37	20	60	40
140)	1124.8	0	052A	8	FF	00	00	00	02	00	FF	01
141)	1143.8	0	0391	8	00	00	00	00	00	00	00	00
142)	1144.7	0	04F1	4	20	FF	65	41
143)	1163.7	0	0391	8	00	00	00	00	00	00	00	00
144)	1164.6	0	04F1	4	00	FF	65	51
145)	1184.6	0	0391	8	00	00	00	00	00	00	00	00
146)	1184.6	0	04F1	4	00	FF	65	61
147)	1204.6	0	0391	8	00	00	00	00	00	00	00	00
148)	1204.6	0	04F1	4	20	FF	65	71
149)	1224.4	0	0391	8	00	00	00	00	00	00	00	00
150)	1224.4	0	04F1	4	20	FF	65	81
151)	1225.4	0	050C	8	C3	FF	03	FF	37	20	60	50
152)	1244.4	0	0391	8	00	00	00	00	00	00	00	00
153)	1244.4	0	04F1	4	00	FF	65	91
154)	1264.4	0	0391	8	00	00	00	00	00	00	00	00
155)	1264.4	0	04F1	4	00	FF	65	A1
156)	1284.3	0	0391	8	00	00	00	00	00	00	00	00
157)	1284.3	0	04F1	4	20	FF	65	B1
158)	1304.2	0	0391	8	00	00	00	00	00	00	00	00
159)	1305.2	0	04F1	4	00	FF	65	C1
160)	1324.2	0	0391	8	00	00	00	00	00	00	00	00
161)	1325.1	0	04F1	4	20	FF	65	D1
162)	1325.1	0	050C	8	C3	FF	03	FF	37	20	60	60
163)	1326.1	0	052A	8	FF	00	00	00	02	00	FF	01
164)	1344.0	0	0391	8	00	00	00	00	00	00	00	00
165)	1344.0	0	04F1	4	20	FF	65	E1
166)	1364.0	0	0391	8	00	00	00	00	00	00	00	00
167)	1365.0	0	04F1	4	00	FF	65	F1
168)	1383.9	0	0391	8	00	00	00	00	00	00	00	00
169)	1384.9	0	04F1	4	00	FF	65	01
170)	1403.8	0	0391	8	00	00	00	00	00	00	00	00
171)	1404.8	0	04F1	4	20	FF	65	11
172)	1423.8	0	0391	8	00	00	00	00	00	00	00	00
173)	1424.8	0	04F1	4	20	FF	65	21
174)	1424.8	0	050C	8	C3	FF	03	FF	37	20	60	70
175)	1443.8	0	0391	8	00	00	00	00	00	00	00	00
176)	1444.7	0	04F1	4	00	FF	65	31
177)	1463.7	0	0391	8	00	00	00	00	00	00	00	00
178)	1464.7	0	04F1	4	20	FF	65	41
179)	1483.6	0	0391	8	00	00	00	00	00	00	00	00
180)	1484.6	0	04F1	4	00	FF	65	51
181)	1503.5	0	0391	8	00	00	00	00	00	00	00	00
182)	1504.5	0	04F1	4	00	FF	65	61
183)	1524.5	0	0391	8	00	00	00	00	00	00	00	00
184)	1524.5	0	04F1	4	20	FF	65	71
185)	1524.5	0	050C	8	C3	FF	03	FF	37	20	60	80
186)	1525.4	0	052A	8	FF	00	00	00	02	00	FF	01
187)	1525.4	0	05B0	4	9F	30	00	00
188)	1544.4	0	0391	8	00	00	00	00	00	00	00	00
189)	1544.4	0	04F1	4	20	FF	65	81
190)	1564.3	0	0391	8	00	00	00	00	00	00	00	00
191)	1564.3	0	04F1	4	00	FF	65	91
192)	1584.2	0	0391	8	00	00	00	00	00	00	00	00
193)	1584.2	0	04F1	4	00	FF	65	A1
194)	1604.2	0	0391	8	00	00	00	00	00	00	00	00
195)	1604.2	0	04F1	4	20	FF	65	B1
196)	1624.1	0	0391	8	00	00	00	00	00	00	00	00
197)	1624.1	0	04F1	4	00	FF	65	C1
198)	1624.1	0	050C	8	C3	FF	03	FF	37	20	60	90
199)	1644.0	0	0391	8	00	00	00	00	00	00	00	00
200)	1644.0	0	04F1	4	20	FF	65	D1
201)	1664.0	0	0391	8	00	00	00	00	00	00	00	00
202)	1664.0	0	04F1	4	20	FF	65	E1
203)	1683.9	0	0391	8	00	00	00	00	00	00	00	00
204)	1683.9	0	04F1	4	00	FF	65	F1
205)	1703.9	0	0391	8	00	00	00	00	00	00	00	00
206)	1742.1	0	04F1	4	00	FF	65	01
207)	1743.1	0	0391	8	00	00	00	00	00	00	00	00
208)	1743.1	0	04F1	4	20	FF	65	11
209)	1744.1	0	050C	8	C3	FF	03	FF	37	20	60	A0
210)	1744.1	0	052A	8	FF	00	00	00	02	00	FF	01
211)	1744.1	0	0391	8	00	00	00	00	00	00	00	00
212)	1744.1	0	04F1	4	20	FF	65	21
213)	1764.1	0	0391	8	00	00	00	00	00	00	00	00
214)	1764.1	0	04F1	4	00	FF	65	31
215)	1783.9	0	0391	8	00	00	00	00	00	00	00	00
216)	1783.9	0	04F1	4	20	FF	65	41
217)	1803.9	0	0391	8	00	00	00	00	00	00	00	00
218)	1804.9	0	04F1	4	00	FF	65	51
219)	1823.8	0	0391	8	00	00	00	00	00	00	00	00
220)	1824.8	0	04F1	4	00	FF	65	61
221)	1824.8	0	050C	8	C3	FF	03	FF	37	20	60	B0
222)	1843.7	0	0391	8	00	00	00	00	00	00	00	00
223)	1844.7	0	04F1	4	20	FF	65	71
224)	1863.7	0	0391	8	00	00	00	00	00	00	00	00
225)	1863.7	0	04F1	4	20	FF	65	81
226)	1883.6	0	0391	8	00	00	00	00	00	00	00	00
227)	1884.6	0	04F1	4	00	FF	65	91
228)	1903.6	0	0391	8	00	00	00	00	00	00	00	00
229)	1904.6	0	04F1	4	00	FF	65	A1
230)	1923.5	0	0391	8	00	00	00	00	00	00	00	00
231)	1924.5	0	04F1	4	20	FF	65	B1
232)	1924.5	0	050C	8	C3	FF	03	FF	37	20	60	C0
233)	1924.5	0	052A	8	FF	00	00	00	02	00	FF	01
234)	1943.4	0	0391	8	00	00	00	00	00	00	00	00
235)	1944.4	0	04F1	4	00	FF	65	C1
236)	1964.3	0	0391	8	00	00	00	00	00	00	00	00
237)	1964.3	0	04F1	4	20	FF	65	D1
238)	1984.3	0	0391	8	00	00	00	00	00	00	00	00
239)	1984.3	0	04F1	4	20	FF	65	E1
240)	2004.2	0	0391	8	00	00	00	00	00	00	00	00
241)	2004.2	0	04F1	4	00	FF	65	F1
242)	2024.2	0	0391	8	00	00	00	00	00	00	00	00
243)	2024.2	0	04F1	4	00	FF	65	01
244)	2024.2	0	050C	8	C3	FF	03	FF	37	20	60	D0
245)	2044.1	0	0391	8	00	00	00	00	00	00	00	00
246)	2044.1	0	04F1	4	20	FF	65	11
247)	2064.0	0	0391	8	00	00	00	00	00	00	00	00
248)	2064.0	0	04F1	4	20	FF	65	21
249)	2084.0	0	0391	8	00	00	00	00	00	00	00	00
250)	2084.0	0	04F1	4	00	FF	65	31
251)	2103.9	0	0391	8	00	00	00	00	00	00	00	00
252)	2103.9	0	04F1	4	20	FF	65	41
253)	2123.8	0	0391	8	00	00	00	00	00	00	00	00
254)	2123.8	0	04F1	4	00	FF	65	51
255)	2123.8	0	050C	8	C3	FF	03	FF	37	20	60	E0
256)	2123.8	0	052A	8	FF	00	00	00	02	00	FF	01
257)	2143.8	0	0391	8	00	00	00	00	00	00	00	00
258)	2143.8	0	04F1	4	00	FF	65	61
259)	2163.7	0	0391	8	00	00	00	00	00	00	00	00
260)	2163.7	0	04F1	4	20	FF	65	71
261)	2183.7	0	0391	8	00	00	00	00	00	00	00	00
262)	2183.7	0	04F1	4	20	FF	65	81
263)	2203.6	0	0391	8	00	00	00	00	00	00	00	00
264)	2203.6	0	04F1	4	00	FF	65	91
265)	2223.5	0	0391	8	00	00	00	00	00	00	00	00
266)	2224.5	0	04F1	4	00	FF	65	A1
267)	2224.5	0	050C	8	C3	FF	03	FF	37	20	60	F0
268)	2243.4	0	0391	8	00	00	00	00	00	00	00	00
269)	2244.4	0	04F1	4	20	FF	65	B1
270)	2263.3	0	0391	8	00	00	00	00	00	00	00	00
271)	2264.3	0	04F1	4	00	FF	65	C1
272)	2283.3	0	0391	8	00	00	00	00	00	00	00	00
273)	2284.3	0	04F1	4	20	FF	65	D1
274)	2304.2	0	0391	8	00	00	00	00	00	00	00	00
275)	2304.2	0	04F1	4	20	FF	65	E1
276)	2324.2	0	0391	8	00	00	00	00	00	00	00	00
277)	2324.2	0	04F1	4	00	FF	65	F1
278)	2325.1	0	050C	8	C3	FF	03	FF	37	20	60	00
279)	2325.1	0	052A	8	FF	00	00	00	02	00	FF	01
280)	2344.1	0	0391	8	00	00	00	00	00	00	00	00
281)	2344.1	0	04F1	4	00	FF	65	01
282)	2364.0	0	0391	8	00	00	00	00	00	00	00	00
283)	2364.0	0	04F1	4	20	FF	65	11
284)	2383.9	0	0391	8	00	00	00	00	00	00	00	00
285)	2383.9	0	04F1	4	20	FF	65	21
286)	2403.9	0	0391	8	00	00	00	00	00	00	00	00
287)	2403.9	0	04F1	4	00	FF	65	31
288)	2424.1	0	0391	8	00	00	00	00	00	00	00	00
289)	2424.1	0	04F1	4	20	FF	65	41
290)	2424.6	0	050C	8	C3	FF	03	FF	37	20	60	10
291)	2444.1	0	0391	8	00	00	00	00	00	00	00	00
292)	2444.1	0	04F1	4	00	FF	65	51
293)	2464.0	0	0391	8	00	00	00	00	00	00	00	00
294)	2464.0	0	04F1	4	00	FF	65	61
295)	2484.0	0	0391	8	00	00	00	00	00	00	00	00
296)	2484.0	0	04F1	4	20	FF	65	71
297)	2503.9	0	0391	8	00	00	00	00	00	00	00	00
298)	2503.9	0	04F1	4	20	FF	65	81
299)	2523.8	0	0391	8	00	00	00	00	00	00	00	00
300)	2523.8	0	04F1	4	00	FF	65	91
301)	2523.8	0	050C	8	C3	FF	03	FF	37	20	60	20
302)	2523.8	0	052A	8	FF	00	00	00	02	00	FF	01
303)	2523.8	0	05B0	4	9F	30	00	00
304)	2543.8	0	0391	8	00	00	00	00	00	00	00	00
305)	2544.7	0	04F1	4	00	FF	65	A1
306)	2563.7	0	0391	8	00	00	00	00	00	00	00	00
307)	2563.7	0	04F1	4	20	FF	65	B1
308)	2583.7	0	0391	8	00	00	00	00	00	00	00	00
309)	2584.6	0	04F1	4	00	FF	65	C1
310)	2603.6	0	0391	8	00	00	00	00	00	00	00	00
311)	2603.6	0	04F1	4	20	FF	65	D1
312)	2623.5	0	0391	8	00	00	00	00	00	00	00	00
313)	2623.5	0	04F1	4	20	FF	65	E1
314)	2624.5	0	050C	8	C3	FF	03	FF	37	20	60	30
315)	2643.4	0	0391	8	00	00	00	00	00	00	00	00
316)	2644.4	0	04F1	4	00	FF	65	F1
317)	2663.4	0	0391	8	00	00	00	00	00	00	00	00
318)	2664.3	0	04F1	4	00	FF	65	01
319)	2683.3	0	0391	8	00	00	00	00	00	00	00	00
320)	2684.3	0	04F1	4	20	FF	65	11
321)	2703.3	0	0391	8	00	00	00	00	00	00	00	00
322)	2704.2	0	04F1	4	20	FF	65	21
323)	2723.2	0	0391	8	00	00	00	00	00	00	00	00
324)	2724.1	0	04F1	4	00	FF	65	31
325)	2724.1	0	050C	8	C3	FF	03	FF	37	20	60	40
326)	2724.1	0	052A	8	FF	00	00	00	02	00	FF	01
327)	2744.1	0	0391	8	00	00	00	00	00	00	00	00
328)	2744.1	0	04F1	4	20	FF	65	41
329)	2764.1	0	0391	8	00	00	00	00	00	00	00	00
330)	2764.1	0	04F1	4	00	FF	65	51
331)	2783.9	0	0391	8	00	00	00	00	00	00	00	00
332)	2783.9	0	04F1	4	00	FF	65	61
333)	2803.9	0	0391	8	00	00	00	00	00	00	00	00
334)	2803.9	0	04F1	4	20	FF	65	71
335)	2823.9	0	0391	8	00	00	00	00	00	00	00	00
336)	2823.9	0	04F1	4	20	FF	65	81
337)	2823.9	0	050C	8	C3	FF	03	FF	37	20	60	50
338)	2843.8	0	0391	8	00	00	00	00	00	00	00	00
339)	2843.8	0	04F1	4	00	FF	65	91
340)	2863.7	0	0391	8	00	00	00	00	00	00	00	00
341)	2863.7	0	04F1	4	00	FF	65	A1
342)	2883.7	0	0391	8	00	00	00	00	00	00	00	00
343)	2883.7	0	04F1	4	20	FF	65	B1
344)	2903.6	0	0391	8	00	00	00	00	00	00	00	00
345)	2903.6	0	04F1	4	00	FF	65	C1
346)	2923.5	0	0391	8	00	00	00	00	00	00	00	00
347)	2923.5	0	04F1	4	20	FF	65	D1
348)	2923.5	0	050C	8	C3	FF	03	FF	37	20	60	60
349)	2924.5	0	052A	8	FF	00	00	00	02	00	FF	01
350)	2943.5	0	0391	8	00	00	00	00	00	00	00	00
351)	2943.5	0	04F1	4	20	FF	65	E1
352)	2963.4	0	0391	8	00	00	00	00	00	00	00	00
353)	2963.4	0	04F1	4	00	FF	65	F1
354)	2983.3	0	0391	8	00	00	00	00	00	00	00	00
355)	2984.3	0	04F1	4	00	FF	65	01
356)	3003.3	0	0391	8	00	00	00	00	00	00	00	00
357)	3003.3	0	04F1	4	20	FF	65	11
358)	3023.2	0	0391	8	00	00	00	00	00	00	00	00
359)	3024.1	0	04F1	4	20	FF	65	21
360)	3024.1	0	050C	8	C3	FF	03	FF	37	20	60	70
361)	3043.1	0	0391	8	00	00	00	00	00	00	00	00
362)	3044.1	0	04F1	4	00	FF	65	31
363)	3064.0	0	0391	8	00	00	00	00	00	00	00	00
364)	3064.0	0	04F1	4	20	FF	65	41
365)	3084.0	0	0391	8	00	00	00	00	00	00	00	00
366)	3084.0	0	04F1	4	00	FF	65	51
367)	3103.9	0	0391	8	00	00	00	00	00	00	00	00
368)	3103.9	0	04F1	4	00	FF	65	61
369)	3123.9	0	0391	8	00	00	00	00	00	00	00	00
370)	3123.9	0	04F1	4	20	FF	65	71
371)	3123.9	0	050C	8	C3	FF	03	FF	37	20	60	80
372)	3124.8	0	052A	8	FF	00	00	00	02	00	FF	01
373)	3143.8	0	0391	8	00	00	00	00	00	00	00	00
374)	3143.8	0	04F1	4	20	FF	65	81
375)	3163.7	0	0391	8	00	00	00	00	00	00	00	00
376)	3163.7	0	04F1	4	00	FF	65	91
377)	3183.7	0	0391	8	00	00	00	00	00	00	00	00
378)	3183.7	0	04F1	4	00	FF	65	A1
379)	3203.5	0	0391	8	00	00	00	00	00	00	00	00
380)	3203.5	0	04F1	4	20	FF	65	B1
381)	3223.5	0	0391	8	00	00	00	00	00	00	00	00
382)	3223.5	0	04F1	4	00	FF	65	C1
383)	3223.5	0	050C	8	C3	FF	03	FF	37	20	60	90
384)	3243.5	0	0391	8	00	00	00	00	00	00	00	00
385)	3243.5	0	04F1	4	20	FF	65	D1
386)	3263.3	0	0391	8	00	00	00	00	00	00	00	00
387)	3263.3	0	04F1	4	20	FF	65	E1
388)	3283.3	0	0391	8	00	00	00	00	00	00	00	00
389)	3283.3	0	04F1	4	00	FF	65	F1
390)	3303.3	0	0391	8	00	00	00	00	00	00	00	00
391)	3303.3	0	04F1	4	00	FF	65	01
392)	3323.2	0	0391	8	00	00	00	00	00	00	00	00
393)	3324.1	0	04F1	4	20	FF	65	11
394)	3324.1	0	050C	8	C3	FF	03	FF	37	20	60	A0
395)	3324.1	0	052A	8	FF	00	00	00	02	00	FF	01
396)	3343.1	0	0391	8	00	00	00	00	00	00	00	00
397)	3344.1	0	04F1	4	20	FF	65	21
398)	3363.1	0	0391	8	00	00	00	00	00	00	00	00
399)	3364.0	0	04F1	4	00	FF	65	31
400)	3382.9	0	0391	8	00	00	00	00	00	00	00	00
401)	3383.9	0	04F1	4	20	FF	65	41
402)	3403.9	0	0391	8	00	00	00	00	00	00	00	00
403)	3403.9	0	04F1	4	00	FF	65	51
404)	3423.9	0	0391	8	00	00	00	00	00	00	00	00
405)	3423.9	0	04F1	4	00	FF	65	61
406)	3423.9	0	050C	8	C3	FF	03	FF	37	20	60	B0
407)	3443.8	0	0391	8	00	00	00	00	00	00	00	00
408)	3443.8	0	04F1	4	20	FF	65	71
409)	3463.7	0	0391	8	00	00	00	00	00	00	00	00
410)	3463.7	0	04F1	4	20	FF	65	81
411)	3483.6	0	0391	8	00	00	00	00	00	00	00	00
412)	3483.6	0	04F1	4	00	FF	65	91
413)	3503.6	0	0391	8	00	00	00	00	00	00	00	00
414)	3503.6	0	04F1	4	00	FF	65	A1
415)	3523.5	0	0391	8	00	00	00	00	00	00	00	00
416)	3524.5	0	04F1	4	20	FF	65	B1
417)	3524.5	0	050C	8	C3	FF	03	FF	37	20	60	C0
418)	3525.5	0	052A	8	FF	00	00	00	02	00	FF	01
419)	3525.5	0	05B0	4	9F	30	00	00
420)	3543.4	0	0391	8	00	00	00	00	00	00	00	00
421)	3544.4	0	04F1	4	00	FF	65	C1
422)	3563.4	0	0391	8	00	00	00	00	00	00	00	00
423)	3564.3	0	04F1	4	20	FF	65	D1
424)	3583.3	0	0391	8	00	00	00	00	00	00	00	00
425)	3584.3	0	04F1	4	20	FF	65	E1
426)	3603.2	0	0391	8	00	00	00	00	00	00	00	00
427)	3604.2	0	04F1	4	00	FF	65	F1
428)	3623.2	0	0391	8	00	00	00	00	00	00	00	00
429)	3624.1	0	04F1	4	00	FF	65	01
430)	3624.1	0	050C	8	C3	FF	03	FF	37	20	60	D0
431)	3643.1	0	0391	8	00	00	00	00	00	00	00	00
432)	3644.1	0	04F1	4	20	FF	65	11
433)	3663.1	0	0391	8	00	00	00	00	00	00	00	00
434)	3664.0	0	04F1	4	20	FF	65	21
435)	3683.0	0	0391	8	00	00	00	00	00	00	00	00
436)	3683.9	0	04F1	4	00	FF	65	31
437)	3703.2	0	0391	8	00	00	00	00	00	00	00	00
438)	3704.1	0	04F1	4	20	FF	65	41
439)	3723.7	0	0391	8	00	00	00	00	00	00	00	00
440)	3723.8	0	04F1	4	00	FF	65	51
441)	3724.7	0	050C	8	C3	FF	03	FF	37	20	60	E0
442)	3724.7	0	052A	8	FF	00	00	00	02	00	FF	01
443)	3743.2	0	0391	8	00	00	00	00	00	00	00	00
444)	3744.1	0	04F1	4	00	FF	65	61
445)	3763.1	0	0391	8	00	00	00	00	00	00	00	00
446)	3764.0	0	04F1	4	20	FF	65	71
447)	3783.0	0	0391	8	00	00	00	00	00	00	00	00
448)	3784.0	0	04F1	4	20	FF	65	81
449)	3803.0	0	0391	8	00	00	00	00	00	00	00	00
450)	3803.9	0	04F1	4	00	FF	65	91
451)	3822.8	0	0391	8	00	00	00	00	00	00	00	00
452)	3823.8	0	04F1	4	00	FF	65	A1
453)	3823.8	0	050C	8	C3	FF	03	FF	37	20	60	F0
454)	3842.8	0	0391	8	00	00	00	00	00	00	00	00
455)	3843.8	0	04F1	4	20	FF	65	B1
456)	3863.7	0	0391	8	00	00	00	00	00	00	00	00
457)	3863.7	0	04F1	4	00	FF	65	C1
458)	3883.7	0	0391	8	00	00	00	00	00	00	00	00
459)	3883.7	0	04F1	4	20	FF	65	D1
460)	3903.6	0	0391	8	00	00	00	00	00	00	00	00
461)	3903.6	0	04F1	4	20	FF	65	E1
462)	3923.7	0	0391	8	00	00	00	00	00	00	00	00
463)	3923.7	0	04F1	4	00	FF	65	F1
464)	3923.7	0	050C	8	C3	FF	03	FF	37	20	60	00
465)	3923.7	0	052A	8	FF	00	00	00	02	00	FF	01
466)	3943.4	0	0391	8	00	00	00	00	00	00	00	00
467)	3944.3	0	04F1	4	00	FF	65	01
468)	3963.2	0	0391	8	00	00	00	00	00	00	00	00
469)	3963.2	0	04F1	4	20	FF	65	11
470)	3983.2	0	0391	8	00	00	00	00	00	00	00	00
471)	3983.2	0	04F1	4	20	FF	65	21
472)	4003.1	0	0391	8	00	00	00	00	00	00	00	00
473)	4003.1	0	04F1	4	00	FF	65	31
474)	4023.0	0	0391	8	00	00	00	00	00	00	00	00
475)	4024.0	0	04F1	4	20	FF	65	41
476)	4024.0	0	050C	8	C3	FF	03	FF	37	20	60	10
477)	4043.0	0	0391	8	00	00	00	00	00	00	00	00
478)	4044.0	0	04F1	4	00	FF	65	51
479)	4062.9	0	0391	8	00	00	00	00	00	00	00	00
480)	4063.9	0	04F1	4	00	FF	65	61
481)	4082.8	0	0391	8	00	00	00	00	00	00	00	00
482)	4083.8	0	04F1	4	20	FF	65	71
483)	4102.8	0	0391	8	00	00	00	00	00	00	00	00
484)	4103.8	0	04F1	4	20	FF	65	81
485)	4123.7	0	0391	8	00	00	00	00	00	00	00	00
486)	4123.7	0	04F1	4	00	FF	65	91
487)	4123.7	0	050C	8	C3	FF	03	FF	37	20	60	20
488)	4123.7	0	052A	8	FF	00	00	00	02	00	FF	01
489)	4143.6	0	0391	8	00	00	00	00	00	00	00	00
490)	4143.6	0	04F1	4	00	FF	65	A1
491)	4163.6	0	0391	8	00	00	00	00	00	00	00	00
492)	4163.6	0	04F1	4	20	FF	65	B1
493)	4183.5	0	0391	8	00	00	00	00	00	00	00	00
494)	4183.5	0	04F1	4	00	FF	65	C1
495)	4203.4	0	0391	8	00	00	00	00	00	00	00	00
496)	4203.4	0	04F1	4	20	FF	65	D1
497)	4223.4	0	0391	8	00	00	00	00	00	00	00	00
498)	4223.4	0	04F1	4	20	FF	65	E1
499)	4223.4	0	050C	8	C3	FF	03	FF	37	20	60	30
500)	4243.4	0	0391	8	00	00	00	00	00	00	00	00
501)	4243.4	0	04F1	4	00	FF	65	F1
502)	4263.2	0	0391	8	00	00	00	00	00	00	00	00
503)	4264.2	0	04F1	4	00	FF	65	01
504)	4283.2	0	0391	8	00	00	00	00	00	00	00	00
505)	4283.2	0	04F1	4	20	FF	65	11
506)	4303.1	0	0391	8	00	00	00	00	00	00	00	00
507)	4303.1	0	04F1	4	20	FF	65	21
508)	4323.0	0	0391	8	00	00	00	00	00	00	00	00
509)	4323.0	0	04F1	4	00	FF	65	31
510)	4323.0	0	050C	8	C3	FF	03	FF	37	20	60	40
511)	4323.0	0	052A	8	FF	00	00	00	02	00	FF	01
512)	4343.0	0	0391	8	00	00	00	00	00	00	00	00
513)	4343.0	0	04F1	4	20	FF	65	41
514)	4362.9	0	0391	8	00	00	00	00	00	00	00	00
515)	4363.9	0	04F1	4	00	FF	65	51
516)	4382.8	0	0391	8	00	00	00	00	00	00	00	00
517)	4383.8	0	04F1	4	00	FF	65	61
518)	4402.8	0	0391	8	00	00	00	00	00	00	00	00
519)	4403.8	0	04F1	4	20	FF	65	71
520)	4422.7	0	0391	8	00	00	00	00	00	00	00	00
521)	4423.7	0	04F1	4	20	FF	65	81
522)	4423.7	0	050C	8	C3	FF	03	FF	37	20	60	50
523)	4443.6	0	0391	8	00	00	00	00	00	00	00	00
524)	4443.6	0	04F1	4	00	FF	65	91
525)	4463.6	0	0391	8	00	00	00	00	00	00	00	00
526)	4463.6	0	04F1	4	00	FF	65	A1
527)	4483.5	0	0391	8	00	00	00	00	00	00	00	00
528)	4483.5	0	04F1	4	20	FF	65	B1
529)	4503.5	0	0391	8	00	00	00	00	00	00	00	00
530)	4503.5	0	04F1	4	00	FF	65	C1
531)	4523.4	0	0391	8	00	00	00	00	00	00	00	00
532)	4523.4	0	04F1	4	20	FF	65	D1
533)	4524.4	0	050C	8	C3	FF	03	FF	37	20	60	60
534)	4525.4	0	052A	8	FF	00	00	00	02	00	FF	01
535)	4525.4	0	05B0	4	9F	30	00	00
536)	4543.3	0	0391	8	00	00	00	00	00	00	00	00
537)	4543.3	0	04F1	4	20	FF	65	E1
538)	4563.2	0	0391	8	00	00	00	00	00	00	00	00
539)	4563.2	0	04F1	4	00	FF	65	F1
540)	4583.2	0	0391	8	00	00	00	00	00	00	00	00
541)	4583.2	0	04F1	4	00	FF	65	01
542)	4603.2	0	0391	8	00	00	00	00	00	00	00	00
543)	4603.2	0	04F1	4	20	FF	65	11
544)	4623.1	0	0391	8	00	00	00	00	00	00	00	00
545)	4623.1	0	04F1	4	20	FF	65	21
546)	4624.1	0	050C	8	C3	FF	03	FF	37	20	60	70
547)	4643.0	0	0391	8	00	00	00	00	00	00	00	00
548)	4643.0	0	04F1	4	00	FF	65	31
549)	4662.9	0	0391	8	00	00	00	00	00	00	00	00
550)	4663.9	0	04F1	4	20	FF	65	41
551)	4682.8	0	0391	8	00	00	00	00	00	00	00	00
552)	4683.8	0	04F1	4	00	FF	65	51
553)	4702.8	0	0391	8	00	00	00	00	00	00	00	00
554)	4703.8	0	04F1	4	00	FF	65	61
555)	4722.7	0	0391	8	00	00	00	00	00	00	00	00
556)	4723.7	0	04F1	4	20	FF	65	71
557)	4723.7	0	050C	8	C3	FF	03	FF	37	20	60	80
558)	4723.7	0	052A	8	FF	00	00	00	02	00	FF	01
559)	4742.6	0	0391	8	00	00	00	00	00	00	00	00
560)	4743.6	0	04F1	4	20	FF	65	81
561)	4762.6	0	0391	8	00	00	00	00	00	00	00	00
562)	4763.6	0	04F1	4	00	FF	65	91
563)	4782.5	0	0391	8	00	00	00	00	00	00	00	00
564)	4783.5	0	04F1	4	00	FF	65	A1
565)	4803.5	0	0391	8	00	00	00	00	00	00	00	00
566)	4803.5	0	04F1	4	20	FF	65	B1
567)	4822.8	0	0391	8	00	00	00	00	00	00	00	00
568)	4823.8	0	04F1	4	00	FF	65	C1
569)	4823.8	0	050C	8	C3	FF	03	FF	37	20	60	90
570)	4843.1	0	0391	8	00	00	00	00	00	00	00	00
571)	4843.1	0	04F1	4	20	FF	65	D1
572)	4863.0	0	0391	8	00	00	00	00	00	00	00	00
573)	4864.0	0	04F1	4	20	FF	65	E1
574)	4883.0	0	0391	8	00	00	00	00	00	00	00	00
575)	4883.9	0	04F1	4	00	FF	65	F1
576)	4902.9	0	0391	8	00	00	00	00	00	00	00	00
577)	4903.9	0	04F1	4	00	FF	65	01
578)	4923.5	0	0391	8	00	00	00	00	00	00	00	00
579)	4923.5	0	04F1	4	20	FF	65	11
580)	4923.5	0	050C	8	C3	FF	03	FF	37	20	60	A0
581)	4923.5	0	052A	8	FF	00	00	00	02	00	FF	01
582)	4942.6	0	0391	8	00	00	00	00	00	00	00	00
583)	4943.6	0	04F1	4	20	FF	65	21
584)	4962.5	0	0391	8	00	00	00	00	00	00	00	00
585)	4963.5	0	04F1	4	00	FF	65	31
586)	4983.4	0	0391	8	00	00	00	00	00	00	00	00
587)	4983.4	0	04F1	4	20	FF	65	41
588)	5003.4	0	0391	8	00	00	00	00	00	00	00	00
589)	5003.4	0	04F1	4	00	FF	65	51
590)	5023.3	0	0391	8	00	00	00	00	00	00	00	00
591)	5023.3	0	04F1	4	00	FF	65	61
592)	5023.3	0	050C	8	C3	FF	03	FF	37	20	60	B0
593)	5043.2	0	0391	8	00	00	00	00	00	00	00	00
594)	5043.2	0	04F1	4	20	FF	65	71
595)	5063.1	0	0391	8	00	00	00	00	00	00	00	00
596)	5063.6	0	04F1	4	20	FF	65	81
597)	5083.1	0	0391	8	00	00	00	00	00	00	00	00
598)	5083.1	0	04F1	4	00	FF	65	91
599)	5103.1	0	0391	8	00	00	00	00	00	00	00	00
600)	5103.1	0	04F1	4	00	FF	65	A1
601)	5123.0	0	0391	8	00	00	00	00	00	00	00	00
602)	5123.0	0	04F1	4	20	FF	65	B1
603)	5123.0	0	050C	8	C3	FF	03	FF	37	20	60	C0
604)	5123.9	0	052A	8	FF	00	00	00	02	00	FF	01
605)	5142.5	0	0391	8	00	00	00	00	00	00	00	00
606)	5143.9	0	04F1	4	00	FF	65	C1
607)	5162.6	0	0391	8	00	00	00	00	00	00	00	00
608)	5163.5	0	04F1	4	20	FF	65	D1
609)	5182.5	0	0391	8	00	00	00	00	00	00	00	00
610)	5183.5	0	04F1	4	20	FF	65	E1
611)	5202.5	0	0391	8	00	00	00	00	00	00	00	00
612)	5203.4	0	04F1	4	00	FF	65	F1
613)	5222.4	0	0391	8	00	00	00	00	00	00	00	00
614)	5223.3	0	04F1	4	00	FF	65	01
615)	5223.3	0	050C	8	C3	FF	03	FF	37	20	60	D0
616)	5243.3	0	0391	8	00	00	00	00	00	00	00	00
617)	5243.3	0	04F1	4	20	FF	65	11
618)	5263.2	0	0391	8	00	00	00	00	00	00	00	00
619)	5263.2	0	04F1	4	20	FF	65	21
620)	5283.2	0	0391	8	00	00	00	00	00	00	00	00
621)	5283.2	0	04F1	4	00	FF	65	31
622)	5303.1	0	0391	8	00	00	00	00	00	00	00	00
623)	5303.1	0	04F1	4	20	FF	65	41
624)	5323.0	0	0391	8	00	00	00	00	00	00	00	00
625)	5323.0	0	04F1	4	00	FF	65	51
626)	5323.0	0	050C	8	C3	FF	03	FF	37	20	60	E0
627)	5323.0	0	052A	8	FF	00	00	00	02	00	FF	01
628)	5342.9	0	0391	8	00	00	00	00	00	00	00	00
629)	5342.9	0	04F1	4	00	FF	65	61
630)	5362.9	0	0391	8	00	00	00	00	00	00	00	00
631)	5362.9	0	04F1	4	20	FF	65	71
632)	5382.9	0	0391	8	00	00	00	00	00	00	00	00
633)	5382.9	0	04F1	4	20	FF	65	81
634)	5402.8	0	0391	8	00	00	00	00	00	00	00	00
635)	5402.8	0	04F1	4	00	FF	65	91
636)	5422.8	0	0391	8	00	00	00	00	00	00	00	00
637)	5422.8	0	04F1	4	00	FF	65	A1
638)	5423.7	0	050C	8	C3	FF	03	FF	37	20	60	F0
639)	5442.7	0	0391	8	00	00	00	00	00	00	00	00
640)	5443.6	0	04F1	4	20	FF	65	B1
641)	5462.6	0	0391	8	00	00	00	00	00	00	00	00
642)	5463.5	0	04F1	4	00	FF	65	C1
643)	5482.5	0	0391	8	00	00	00	00	00	00	00	00
644)	5483.5	0	04F1	4	20	FF	65	D1
645)	5502.5	0	0391	8	00	00	00	00	00	00	00	00
646)	5503.4	0	04F1	4	20	FF	65	E1
647)	5522.4	0	0391	8	00	00	00	00	00	00	00	00
648)	5523.3	0	04F1	4	00	FF	65	F1
649)	5523.3	0	050C	8	C3	FF	03	FF	37	20	60	00
650)	5523.3	0	052A	8	FF	00	00	00	02	00	FF	01
651)	5524.3	0	05B0	4	9F	30	00	00
652)	5543.3	0	0391	8	00	00	00	00	00	00	00	00
653)	5543.3	0	04F1	4	00	FF	65	01
654)	5563.2	0	0391	8	00	00	00	00	00	00	00	00
655)	5563.2	0	04F1	4	20	FF	65	11
656)	5583.2	0	0391	8	00	00	00	00	00	00	00	00
657)	5583.2	0	04F1	4	20	FF	65	21
658)	5603.1	0	0391	8	00	00	00	00	00	00	00	00
659)	5603.1	0	04F1	4	00	FF	65	31
660)	5623.1	0	0391	8	00	00	00	00	00	00	00	00
661)	5623.1	0	04F1	4	20	FF	65	41
662)	5623.1	0	050C	8	C3	FF	03	FF	37	20	60	10
663)	5643.0	0	0391	8	00	00	00	00	00	00	00	00
664)	5643.0	0	04F1	4	00	FF	65	51
665)	5662.9	0	0391	8	00	00	00	00	00	00	00	00
666)	5662.9	0	04F1	4	00	FF	65	61
667)	5682.9	0	0391	8	00	00	00	00	00	00	00	00
668)	5682.9	0	04F1	4	20	FF	65	71
669)	5702.8	0	0391	8	00	00	00	00	00	00	00	00
670)	5702.8	0	04F1	4	20	FF	65	81
671)	5722.7	0	0391	8	00	00	00	00	00	00	00	00
672)	5722.7	0	04F1	4	00	FF	65	91
673)	5723.7	0	050C	8	C3	FF	03	FF	37	20	60	20
674)	5723.7	0	052A	8	FF	00	00	00	02	00	FF	01
675)	5742.6	0	0391	8	00	00	00	00	00	00	00	00
676)	5742.6	0	04F1	4	00	FF	65	A1
677)	5762.6	0	0391	8	00	00	00	00	00	00	00	00
678)	5763.5	0	04F1	4	20	FF	65	B1
679)	5782.5	0	0391	8	00	00	00	00	00	00	00	00
680)	5783.5	0	04F1	4	00	FF	65	C1
681)	5802.5	0	0391	8	00	00	00	00	00	00	00	00
682)	5803.4	0	04F1	4	20	FF	65	D1
683)	5822.4	0	0391	8	00	00	00	00	00	00	00	00
684)	5823.3	0	04F1	4	20	FF	65	E1
685)	5823.3	0	050C	8	C3	FF	03	FF	37	20	60	30
686)	5842.4	0	0391	8	00	00	00	00	00	00	00	00
687)	5843.3	0	04F1	4	00	FF	65	F1
688)	5862.3	0	0391	8	00	00	00	00	00	00	00	00
689)	5863.2	0	04F1	4	00	FF	65	01
690)	5883.2	0	0391	8	00	00	00	00	00	00	00	00
691)	5883.2	0	04F1	4	20	FF	65	11
692)	5903.1	0	0391	8	00	00	00	00	00	00	00	00
693)	5903.1	0	04F1	4	20	FF	65	21
694)	5923.1	0	0391	8	00	00	00	00	00	00	00	00
695)	5923.1	0	04F1	4	00	FF	65	31
696)	5923.1	0	050C	8	C3	FF	03	FF	37	20	60	40
697)	5924.0	0	052A	8	FF	00	00	00	02	00	FF	01
698)	5943.0	0	0391	8	00	00	00	00	00	00	00	00
699)	5943.0	0	04F1	4	20	FF	65	41
700)	5962.9	0	0391	8	00	00	00	00	00	00	00	00
701)	5962.9	0	04F1	4	00	FF	65	51
702)	5982.9	0	0391	8	00	00	00	00	00	00	00	00
703)	5982.9	0	04F1	4	00	FF	65	61
704)	6002.8	0	0391	8	00	00	00	00	00	00	00	00
705)	6002.8	0	04F1	4	20	FF	65	71
706)	6022.7	0	0391	8	00	00	00	00	00	00	00	00
707)	6022.7	0	04F1	4	20	FF	65	81
708)	6023.7	0	050C	8	C3	FF	03	FF	37	20	60	50
709)	6042.6	0	0391	8	00	00	00	00	00	00	00	00
710)	6042.6	0	04F1	4	00	FF	65	91
711)	6062.6	0	0391	8	00	00	00	00	00	00	00	00
712)	6062.6	0	04F1	4	00	FF	65	A1
713)	6082.5	0	0391	8	00	00	00	00	00	00	00	00
714)	6082.5	0	04F1	4	20	FF	65	B1
715)	6102.5	0	0391	8	00	00	00	00	00	00	00	00
716)	6103.4	0	04F1	4	00	FF	65	C1
717)	6122.3	0	0391	8	00	00	00	00	00	00	00	00
718)	6122.3	0	04F1	4	20	FF	65	D1
719)	6123.3	0	050C	8	C3	FF	03	FF	37	20	60	60
720)	6123.3	0	052A	8	FF	00	00	00	02	00	FF	01
721)	6142.3	0	0391	8	00	00	00	00	00	00	00	00
722)	6142.3	0	04F1	4	20	FF	65	E1
723)	6162.2	0	0391	8	00	00	00	00	00	00	00	00
724)	6162.2	0	04F1	4	00	FF	65	F1
725)	6182.1	0	0391	8	00	00	00	00	00	00	00	00
726)	6183.1	0	04F1	4	00	FF	65	01
727)	6202.1	0	0391	8	00	00	00	00	00	00	00	00
728)	6203.1	0	04F1	4	20	FF	65	11
729)	6223.0	0	0391	8	00	00	00	00	00	00	00	00
730)	6223.0	0	04F1	4	20	FF	65	21
731)	6223.0	0	050C	8	C3	FF	03	FF	37	20	60	70
732)	6242.9	0	0391	8	00	00	00	00	00	00	00	00
733)	6242.9	0	04F1	4	00	FF	65	31
734)	6262.9	0	0391	8	00	00	00	00	00	00	00	00
735)	6262.9	0	04F1	4	20	FF	65	41
736)	6282.9	0	0391	8	00	00	00	00	00	00	00	00
737)	6282.9	0	04F1	4	00	FF	65	51
738)	6302.8	0	0391	8	00	00	00	00	00	00	00	00
739)	6302.8	0	04F1	4	00	FF	65	61
740)	6322.7	0	0391	8	00	00	00	00	00	00	00	00
741)	6322.7	0	04F1	4	20	FF	65	71
742)	6323.7	0	050C	8	C3	FF	03	FF	37	20	60	80
743)	6323.7	0	052A	8	FF	00	00	00	02	00	FF	01
744)	6342.6	0	0391	8	00	00	00	00	00	00	00	00
745)	6342.6	0	04F1	4	20	FF	65	81
746)	6362.6	0	0391	8	00	00	00	00	00	00	00	00
747)	6362.6	0	04F1	4	00	FF	65	91
748)	6382.5	0	0391	8	00	00	00	00	00	00	00	00
749)	6382.5	0	04F1	4	00	FF	65	A1
750)	6402.5	0	0391	8	00	00	00	00	00	00	00	00
751)	6402.5	0	04F1	4	20	FF	65	B1
752)	6422.4	0	0391	8	00	00	00	00	00	00	00	00
753)	6422.4	0	04F1	4	00	FF	65	C1
754)	6423.3	0	050C	8	C3	FF	03	FF	37	20	60	90
755)	6442.4	0	0391	8	00	00	00	00	00	00	00	00
756)	6443.3	0	04F1	4	20	FF	65	D1
757)	6462.3	0	0391	8	00	00	00	00	00	00	00	00
758)	6463.2	0	04F1	4	20	FF	65	E1
759)	6482.2	0	0391	8	00	00	00	00	00	00	00	00
760)	6483.1	0	04F1	4	00	FF	65	F1
761)	6502.2	0	0391	8	00	00	00	00	00	00	00	00
762)	6502.2	0	04F1	4	00	FF	65	01
763)	6522.4	0	0391	8	00	00	00	00	00	00	00	00
764)	6523.2	0	04F1	4	20	FF	65	11
765)	6523.2	0	050C	8	C3	FF	03	FF	37	20	60	A0
766)	6524.2	0	052A	8	FF	00	00	00	02	00	FF	01
767)	6524.2	0	05B0	4	9F	30	00	00
768)	6542.3	0	0391	8	00	00	00	00	00	00	00	00
769)	6543.3	0	04F1	4	20	FF	65	21
770)	6562.3	0	0391	8	00	00	00	00	00	00	00	00
771)	6563.2	0	04F1	4	00	FF	65	31
772)	6582.2	0	0391	8	00	00	00	00	00	00	00	00
773)	6583.1	0	04F1	4	20	FF	65	41
774)	6602.2	0	0391	8	00	00	00	00	00	00	00	00
775)	6603.1	0	04F1	4	00	FF	65	51
776)	6622.1	0	0391	8	00	00	00	00	00	00	00	00
777)	6623.0	0	04F1	4	00	FF	65	61
778)	6623.0	0	050C	8	C3	FF	03	FF	37	20	60	B0
779)	6641.9	0	0391	8	00	00	00	00	00	00	00	00
780)	6642.9	0	04F1	4	20	FF	65	71
781)	6662.9	0	0391	8	00	00	00	00	00	00	00	00
782)	6662.9	0	04F1	4	20	FF	65	81
783)	6682.9	0	0391	8	00	00	00	00	00	00	00	00
784)	6682.9	0	04F1	4	00	FF	65	91
785)	6702.8	0	0391	8	00	00	00	00	00	00	00	00
786)	6702.8	0	04F1	4	00	FF	65	A1
787)	6722.7	0	0391	8	00	00	00	00	00	00	00	00
788)	6722.7	0	04F1	4	20	FF	65	B1
789)	6723.7	0	050C	8	C3	FF	03	FF	37	20	60	C0
790)	6723.7	0	052A	8	FF	00	00	00	02	00	FF	01
791)	6742.7	0	0391	8	00	00	00	00	00	00	00	00
792)	6742.7	0	04F1	4	00	FF	65	C1
793)	6762.6	0	0391	8	00	00	00	00	00	00	00	00
794)	6763.6	0	04F1	4	20	FF	65	D1
795)	6782.5	0	0391	8	00	00	00	00	00	00	00	00
796)	6783.5	0	04F1	4	20	FF	65	E1
797)	6802.5	0	0391	8	00	00	00	00	00	00	00	00
798)	6803.4	0	04F1	4	00	FF	65	F1
799)	6822.4	0	0391	8	00	00	00	00	00	00	00	00
800)	6823.3	0	04F1	4	00	FF	65	01
801)	6823.3	0	050C	8	C3	FF	03	FF	37	20	60	D0
802)	6842.4	0	0391	8	00	00	00	00	00	00	00	00
803)	6843.3	0	04F1	4	20	FF	65	11
804)	6862.3	0	0391	8	00	00	00	00	00	00	00	00
805)	6863.2	0	04F1	4	20	FF	65	21
806)	6882.2	0	0391	8	00	00	00	00	00	00	00	00
807)	6883.1	0	04F1	4	00	FF	65	31
808)	6902.1	0	0391	8	00	00	00	00	00	00	00	00
809)	6903.1	0	04F1	4	20	FF	65	41
810)	6922.1	0	0391	8	00	00	00	00	00	00	00	00
811)	6923.0	0	04F1	4	00	FF	65	51
812)	6923.0	0	050C	8	C3	FF	03	FF	37	20	60	E0
813)	6924.0	0	052A	8	FF	00	00	00	02	00	FF	01
814)	6941.9	0	0391	8	00	00	00	00	00	00	00	00
815)	6942.9	0	04F1	4	00	FF	65	61
816)	6961.9	0	0391	8	00	00	00	00	00	00	00	00
817)	6962.9	0	04F1	4	20	FF	65	71
818)	6982.8	0	0391	8	00	00	00	00	00	00	00	00
819)	6982.8	0	04F1	4	20	FF	65	81
820)	7002.8	0	0391	8	00	00	00	00	00	00	00	00
821)	7002.8	0	04F1	4	00	FF	65	91
822)	7022.7	0	0391	8	00	00	00	00	00	00	00	00
823)	7022.7	0	04F1	4	00	FF	65	A1
824)	7022.7	0	050C	8	C3	FF	03	FF	37	20	60	F0
825)	7042.6	0	0391	8	00	00	00	00	00	00	00	00
826)	7042.6	0	04F1	4	20	FF	65	B1
827)	7062.5	0	0391	8	00	00	00	00	00	00	00	00
828)	7062.5	0	04F1	4	00	FF	65	C1
829)	7082.5	0	0391	8	00	00	00	00	00	00	00	00
830)	7082.5	0	04F1	4	20	FF	65	D1
831)	7102.5	0	0391	8	00	00	00	00	00	00	00	00
832)	7102.5	0	04F1	4	20	FF	65	E1
833)	7122.4	0	0391	8	00	00	00	00	00	00	00	00
834)	7122.4	0	04F1	4	00	FF	65	F1
835)	7123.3	0	050C	8	C3	FF	03	FF	37	20	60	00
836)	7124.3	0	052A	8	FF	00	00	00	02	00	FF	01
837)	7142.3	0	0391	8	00	00	00	00	00	00	00	00
838)	7142.3	0	04F1	4	00	FF	65	01
839)	7162.3	0	0391	8	00	00	00	00	00	00	00	00
840)	7163.2	0	04F1	4	20	FF	65	11
841)	7182.2	0	0391	8	00	00	00	00	00	00	00	00
842)	7183.1	0	04F1	4	20	FF	65	21
843)	7202.1	0	0391	8	00	00	00	00	00	00	00	00
844)	7202.1	0	04F1	4	00	FF	65	31
845)	7222.1	0	0391	8	00	00	00	00	00	00	00	00
846)	7223.0	0	04F1	4	20	FF	65	41
847)	7224.0	0	050C	8	C3	FF	03	FF	37	20	60	10
848)	7242.0	0	0391	8	00	00	00	00	00	00	00	00
849)	7242.9	0	04F1	4	00	FF	65	51
850)	7261.9	0	0391	8	00	00	00	00	00	00	00	00
851)	7262.9	0	04F1	4	00	FF	65	61
852)	7281.9	0	0391	8	00	00	00	00	00	00	00	00
853)	7282.8	0	04F1	4	20	FF	65	71
854)	7301.8	0	0391	8	00	00	00	00	00	00	00	00
855)	7302.7	0	04F1	4	20	FF	65	81
856)	7322.7	0	0391	8	00	00	00	00	00	00	00	00
857)	7322.7	0	04F1	4	00	FF	65	91
858)	7322.7	0	050C	8	C3	FF	03	FF	37	20	60	20
859)	7323.7	0	052A	8	FF	00	00	00	02	00	FF	01
860)	7342.6	0	0391	8	00	00	00	00	00	00	00	00
861)	7342.6	0	04F1	4	00	FF	65	A1
862)	7362.6	0	0391	8	00	00	00	00	00	00	00	00
863)	7362.6	0	04F1	4	20	FF	65	B1
864)	7382.5	0	0391	8	00	00	00	00	00	00	00	00
865)	7382.5	0	04F1	4	00	FF	65	C1
866)	7402.5	0	0391	8	00	00	00	00	00	00	00	00
867)	7402.5	0	04F1	4	20	FF	65	D1
868)	7422.4	0	0391	8	00	00	00	00	00	00	00	00
869)	7422.4	0	04F1	4	20	FF	65	E1
870)	7423.4	0	050C	8	C3	FF	03	FF	37	20	60	30
871)	7442.3	0	0391	8	00	00	00	00	00	00	00	00
872)	7442.3	0	04F1	4	00	FF	65	F1
873)	7462.3	0	0391	8	00	00	00	00	00	00	00	00
874)	7463.2	0	04F1	4	00	FF	65	01
875)	7482.2	0	0391	8	00	00	00	00	00	00	00	00
876)	7483.1	0	04F1	4	20	FF	65	11
877)	7502.1	0	0391	8	00	00	00	00	00	00	00	00
878)	7503.1	0	04F1	4	20	FF	65	21
879)	7522.1	0	0391	8	00	00	00	00	00	00	00	00
880)	7523.0	0	04F1	4	00	FF	65	31
881)	7523.0	0	050C	8	C3	FF	03	FF	37	20	60	40
882)	7523.0	0	052A	8	FF	00	00	00	02	00	FF	01
883)	7524.0	0	05B0	4	9F	30	00	00
884)	7542.0	0	0391	8	00	00	00	00	00	00	00	00
885)	7542.9	0	04F1	4	20	FF	65	41
886)	7561.9	0	0391	8	00	00	00	00	00	00	00	00
887)	7562.9	0	04F1	4	00	FF	65	51
888)	7581.9	0	0391	8	00	00	00	00	00	00	00	00
889)	7582.8	0	04F1	4	00	FF	65	61
890)	7601.7	0	0391	8	00	00	00	00	00	00	00	00
891)	7602.7	0	04F1	4	20	FF	65	71
892)	7622.7	0	0391	8	00	00	00	00	00	00	00	00
893)	7622.7	0	04F1	4	20	FF	65	81
894)	7622.7	0	050C	8	C3	FF	03	FF	37	20	60	50
895)	7642.7	0	0391	8	00	00	00	00	00	00	00	00
896)	7642.7	0	04F1	4	00	FF	65	91
897)	7662.5	0	0391	8	00	00	00	00	00	00	00	00
898)	7662.5	0	04F1	4	00	FF	65	A1
899)	7682.5	0	0391	8	00	00	00	00	00	00	00	00
900)	7682.5	0	04F1	4	20	FF	65	B1
901)	7702.5	0	0391	8	00	00	00	00	00	00	00	00
902)	7702.5	0	04F1	4	00	FF	65	C1
903)	7722.4	0	0391	8	00	00	00	00	00	00	00	00
904)	7722.4	0	04F1	4	20	FF	65	D1
905)	7722.4	0	050C	8	C3	FF	03	FF	37	20	60	60
906)	7723.3	0	052A	8	FF	00	00	00	02	00	FF	01
907)	7742.3	0	0391	8	00	00	00	00	00	00	00	00
908)	7742.3	0	04F1	4	20	FF	65	E1
909)	7762.3	0	0391	8	00	00	00	00	00	00	00	00
910)	7762.3	0	04F1	4	00	FF	65	F1
911)	7782.2	0	0391	8	00	00	00	00	00	00	00	00
912)	7783.1	0	04F1	4	00	FF	65	01
913)	7802.1	0	0391	8	00	00	00	00	00	00	00	00
914)	7802.1	0	04F1	4	20	FF	65	11
915)	7822.1	0	0391	8	00	00	00	00	00	00	00	00
916)	7822.1	0	04F1	4	20	FF	65	21
917)	7823.0	0	050C	8	C3	FF	03	FF	37	20	60	70
918)	7842.0	0	0391	8	00	00	00	00	00	00	00	00
919)	7842.9	0	04F1	4	00	FF	65	31
920)	7861.9	0	0391	8	00	00	00	00	00	00	00	00
921)	7861.9	0	04F1	4	20	FF	65	41
922)	7882.3	0	0391	8	00	00	00	00	00	00	00	00
923)	7882.3	0	04F1	4	00	FF	65	51
924)	7902.0	0	0391	8	00	00	00	00	00	00	00	00
925)	7902.8	0	04F1	4	00	FF	65	61
926)	7921.8	0	0391	8	00	00	00	00	00	00	00	00
927)	7922.8	0	04F1	4	20	FF	65	71
928)	7922.8	0	050C	8	C3	FF	03	FF	37	20	60	80
929)	7923.8	0	052A	8	FF	00	00	00	02	00	FF	01
930)	7941.8	0	0391	8	00	00	00	00	00	00	00	00
931)	7942.7	0	04F1	4	20	FF	65	81
932)	7961.7	0	0391	8	00	00	00	00	00	00	00	00
933)	7962.6	0	04F1	4	00	FF	65	91
934)	7982.6	0	0391	8	00	00	00	00	00	00	00	00
935)	7982.6	0	04F1	4	00	FF	65	A1
936)	8002.5	0	0391	8	00	00	00	00	00	00	00	00
937)	8002.5	0	04F1	4	20	FF	65	B1
938)	8022.5	0	0391	8	00	00	00	00	00	00	00	00
939)	8022.5	0	04F1	4	00	FF	65	C1
940)	8023.4	0	050C	8	C3	FF	03	FF	37	20	60	90
941)	8042.4	0	0391	8	00	00	00	00	00	00	00	00
942)	8042.4	0	04F1	4	20	FF	65	D1
943)	8062.4	0	0391	8	00	00	00	00	00	00	00	00
944)	8062.4	0	04F1	4	20	FF	65	E1
945)	8082.2	0	0391	8	00	00	00	00	00	00	00	00
946)	8082.2	0	04F1	4	00	FF	65	F1
947)	8102.2	0	0391	8	00	00	00	00	00	00	00	00
948)	8102.2	0	04F1	4	00	FF	65	01
949)	8122.2	0	0391	8	00	00	00	00	00	00	00	00
950)	8122.2	0	04F1	4	20	FF	65	11
951)	8123.1	0	050C	8	C3	FF	03	FF	37	20	60	A0
952)	8123.1	0	052A	8	FF	00	00	00	02	00	FF	01
953)	8142.1	0	0391	8	00	00	00	00	00	00	00	00
954)	8143.0	0	04F1	4	20	FF	65	21
955)	8162.0	0	0391	8	00	00	00	00	00	00	00	00
956)	8162.0	0	04F1	4	00	FF	65	31
957)	8182.0	0	0391	8	00	00	00	00	00	00	00	00
958)	8182.0	0	04F1	4	20	FF	65	41
959)	8201.9	0	0391	8	00	00	00	00	00	00	00	00
960)	8201.9	0	04F1	4	00	FF	65	51
961)	8221.8	0	0391	8	00	00	00	00	00	00	00	00
962)	8222.8	0	04F1	4	00	FF	65	61
963)	8222.8	0	050C	8	C3	FF	03	FF	37	20	60	B0
964)	8241.8	0	0391	8	00	00	00	00	00	00	00	00
965)	8242.7	0	04F1	4	20	FF	65	71
966)	8261.7	0	0391	8	00	00	00	00	00	00	00	00
967)	8262.6	0	04F1	4	20	FF	65	81
968)	8281.6	0	0391	8	00	00	00	00	00	00	00	00
969)	8282.6	0	04F1	4	00	FF	65	91
970)	8301.6	0	0391	8	00	00	00	00	00	00	00	00
971)	8302.5	0	04F1	4	00	FF	65	A1
972)	8322.4	0	0391	8	00	00	00	00	00	00	00	00
973)	8322.4	0	04F1	4	20	FF	65	B1
974)	8322.4	0	050C	8	C3	FF	03	FF	37	20	60	C0
975)	8323.4	0	052A	8	FF	00	00	00	02	00	FF	01
976)	8342.4	0	0391	8	00	00	00	00	00	00	00	00
977)	8342.4	0	04F1	4	00	FF	65	C1
978)	8362.4	0	0391	8	00	00	00	00	00	00	00	00
979)	8362.4	0	04F1	4	20	FF	65	D1
980)	8382.3	0	0391	8	00	00	00	00	00	00	00	00
981)	8382.3	0	04F1	4	20	FF	65	E1
982)	8402.2	0	0391	8	00	00	00	00	00	00	00	00
983)	8402.2	0	04F1	4	00	FF	65	F1
984)	8422.2	0	0391	8	00	00	00	00	00	00	00	00
985)	8422.2	0	04F1	4	00	FF	65	01
986)	8423.1	0	050C	8	C3	FF	03	FF	37	20	60	D0
987)	8442.0	0	0391	8	00	00	00	00	00	00	00	00
988)	8442.0	0	04F1	4	20	FF	65	11
989)	8462.0	0	0391	8	00	00	00	00	00	00	00	00
990)	8462.0	0	04F1	4	20	FF	65	21
991)	8482.0	0	0391	8	00	00	00	00	00	00	00	00
992)	8482.0	0	04F1	4	00	FF	65	31
993)	8501.9	0	0391	8	00	00	00	00	00	00	00	00
994)	8501.9	0	04F1	4	20	FF	65	41
995)	8521.8	0	0391	8	00	00	00	00	00	00	00	00
996)	8521.8	0	04F1	4	00	FF	65	51
997)	8522.8	0	050C	8	C3	FF	03	FF	37	20	60	E0
998)	8522.8	0	052A	8	FF	00	00	00	02	00	FF	01
999)	8523.8	0	05B0	4	9F	30	00	00
1000)	8541.7	0	0391	8	00	00	00	00	00	00	00	00
1001)	8542.7	0	04F1	4	00	FF	65	61
1002)	8561.7	0	0391	8	00	00	00	00	00	00	00	00
1003)	8562.6	0	04F1	4	20	FF	65	71
1004)	8581.6	0	0391	8	00	00	00	00	00	00	00	00
1005)	8582.6	0	04F1	4	20	FF	65	81
1006)	8601.5	0	0391	8	00	00	00	00	00	00	00	00
1007)	8602.5	0	04F1	4	00	FF	65	91
1008)	8621.5	0	0391	8	00	00	00	00	00	00	00	00
1009)	8622.4	0	04F1	4	00	FF	65	A1
1010)	8622.4	0	050C	8	C3	FF	03	FF	37	20	60	F0
1011)	8641.4	0	0391	8	00	00	00	00	00	00	00	00
1012)	8642.4	0	04F1	4	20	FF	65	B1
1013)	8662.3	0	0391	8	00	00	00	00	00	00	00	00
1014)	8662.3	0	04F1	4	00	FF	65	C1
1015)	8682.2	0	0391	8	00	00	00	00	00	00	00	00
1016)	8682.2	0	04F1	4	20	FF	65	D1
1017)	8702.2	0	0391	8	00	00	00	00	00	00	00	00
1018)	8702.2	0	04F1	4	20	FF	65	E1
1019)	8722.2	0	0391	8	00	00	00	00	00	00	00	00
1020)	8722.2	0	04F1	4	00	FF	65	F1
1021)	8722.2	0	050C	8	C3	FF	03	FF	37	20	60	00
1022)	8723.1	0	052A	8	FF	00	00	00	02	00	FF	01
1023)	8741.7	0	0391	8	00	00	00	00	00	00	00	00
1024)	8742.7	0	04F1	4	00	FF	65	01
1025)	8761.9	0	0391	8	00	00	00	00	00	00	00	00
1026)	8761.9	0	04F1	4	20	FF	65	11
1027)	8781.8	0	0391	8	00	00	00	00	00	00	00	00
1028)	8782.7	0	04F1	4	20	FF	65	21
1029)	8801.7	0	0391	8	00	00	00	00	00	00	00	00
1030)	8801.7	0	04F1	4	00	FF	65	31
1031)	8821.6	0	0391	8	00	00	00	00	00	00	00	00
1032)	8822.6	0	04F1	4	20	FF	65	41
1033)	8823.6	0	050C	8	C3	FF	03	FF	37	20	60	10
1034)	8841.6	0	0391	8	00	00	00	00	00	00	00	00
1035)	8842.5	0	04F1	4	00	FF	65	51
1036)	8861.5	0	0391	8	00	00	00	00	00	00	00	00
1037)	8862.5	0	04F1	4	00	FF	65	61
1038)	8881.4	0	0391	8	00	00	00	00	00	00	00	00
1039)	8882.4	0	04F1	4	20	FF	65	71
1040)	8901.4	0	0391	8	00	00	00	00	00	00	00	00
1041)	8902.3	0	04F1	4	20	FF	65	81
1042)	8922.3	0	0391	8	00	00	00	00	00	00	00	00
1043)	8922.3	0	04F1	4	00	FF	65	91
1044)	8922.3	0	050C	8	C3	FF	03	FF	37	20	60	20
1045)	8923.2	0	052A	8	FF	00	00	00	02	00	FF	01
1046)	8942.2	0	0391	8	00	00	00	00	00	00	00	00
1047)	8942.2	0	04F1	4	00	FF	65	A1
1048)	8962.2	0	0391	8	00	00	00	00	00	00	00	00
1049)	8962.2	0	04F1	4	20	FF	65	B1
1050)	8982.1	0	0391	8	00	00	00	00	00	00	00	00
1051)	8982.1	0	04F1	4	00	FF	65	C1
1052)	9002.0	0	0391	8	00	00	00	00	00	00	00	00
1053)	9002.0	0	04F1	4	20	FF	65	D1
1054)	9022.0	0	0391	8	00	00	00	00	00	00	00	00
1055)	9022.0	0	04F1	4	20	FF	65	E1
1056)	9022.9	0	050C	8	C3	FF	03	FF	37	20	60	30
1057)	9041.9	0	0391	8	00	00	00	00	00	00	00	00
1058)	9041.9	0	04F1	4	00	FF	65	F1
1059)	9061.9	0	0391	8	00	00	00	00	00	00	00	00
1060)	9061.9	0	04F1	4	00	FF	65	01
1061)	9081.8	0	0391	8	00	00	00	00	00	00	00	00
1062)	9081.8	0	04F1	4	20	FF	65	11
1063)	9101.7	0	0391	8	00	00	00	00	00	00	00	00
1064)	9101.7	0	04F1	4	20	FF	65	21
1065)	9121.6	0	0391	8	00	00	00	00	00	00	00	00
1066)	9121.6	0	04F1	4	00	FF	65	31
1067)	9122.6	0	050C	8	C3	FF	03	FF	37	20	60	40
1068)	9122.6	0	052A	8	FF	00	00	00	02	00	FF	01
1069)	9141.6	0	0391	8	00	00	00	00	00	00	00	00
1070)	9141.6	0	04F1	4	20	FF	65	41
1071)	9161.5	0	0391	8	00	00	00	00	00	00	00	00
1072)	9162.5	0	04F1	4	00	FF	65	51
1073)	9181.5	0	0391	8	00	00	00	00	00	00	00	00
1074)	9182.4	0	04F1	4	00	FF	65	61
1075)	9201.4	0	0391	8	00	00	00	00	00	00	00	00
1076)	9202.3	0	04F1	4	20	FF	65	71
1077)	9221.3	0	0391	8	00	00	00	00	00	00	00	00
1078)	9221.3	0	04F1	4	20	FF	65	81
1079)	9222.8	0	050C	8	C3	FF	03	FF	37	20	60	50
1080)	9241.3	0	0391	8	00	00	00	00	00	00	00	00
1081)	9242.3	0	04F1	4	00	FF	65	91
1082)	9261.9	0	0391	8	00	00	00	00	00	00	00	00
1083)	9261.9	0	04F1	4	00	FF	65	A1
1084)	9281.8	0	0391	8	00	00	00	00	00	00	00	00
1085)	9281.8	0	04F1	4	20	FF	65	B1
1086)	9301.7	0	0391	8	00	00	00	00	00	00	00	00
1087)	9301.7	0	04F1	4	00	FF	65	C1
1088)	9321.7	0	0391	8	00	00	00	00	00	00	00	00
1089)	9322.6	0	04F1	4	20	FF	65	D1
1090)	9322.6	0	050C	8	C3	FF	03	FF	37	20	60	60
1091)	9323.6	0	052A	8	FF	00	00	00	02	00	FF	01
1092)	9341.5	0	0391	8	00	00	00	00	00	00	00	00
1093)	9342.5	0	04F1	4	20	FF	65	E1
1094)	9361.5	0	0391	8	00	00	00	00	00	00	00	00
1095)	9362.5	0	04F1	4	00	FF	65	F1
1096)	9381.5	0	0391	8	00	00	00	00	00	00	00	00
1097)	9382.4	0	04F1	4	00	FF	65	01
1098)	9401.4	0	0391	8	00	00	00	00	00	00	00	00
1099)	9402.3	0	04F1	4	20	FF	65	11
1100)	9421.3	0	0391	8	00	00	00	00	00	00	00	00
1101)	9422.3	0	04F1	4	20	FF	65	21
1102)	9422.3	0	050C	8	C3	FF	03	FF	37	20	60	70
1103)	9441.3	0	0391	8	00	00	00	00	00	00	00	00
1104)	9442.2	0	04F1	4	00	FF	65	31
1105)	9462.2	0	0391	8	00	00	00	00	00	00	00	00
1106)	9462.2	0	04F1	4	20	FF	65	41
1107)	9482.1	0	0391	8	00	00	00	00	00	00	00	00
1108)	9482.1	0	04F1	4	00	FF	65	51
1109)	9502.1	0	0391	8	00	00	00	00	00	00	00	00
1110)	9502.1	0	04F1	4	00	FF	65	61
1111)	9522.0	0	0391	8	00	00	00	00	00	00	00	00
1112)	9522.0	0	04F1	4	20	FF	65	71
1113)	9522.0	0	050C	8	C3	FF	03	FF	37	20	60	80
1114)	9522.9	0	052A	8	FF	00	00	00	02	00	FF	01
1115)	9523.9	0	05B0	4	9F	30	00	00
1116)	9541.9	0	0391	8	00	00	00	00	00	00	00	00
1117)	9541.9	0	04F1	4	20	FF	65	81
1118)	9561.9	0	0391	8	00	00	00	00	00	00	00	00
1119)	9561.9	0	04F1	4	00	FF	65	91
1120)	9581.7	0	0391	8	00	00	00	00	00	00	00	00
1121)	9581.7	0	04F1	4	00	FF	65	A1
1122)	9601.7	0	0391	8	00	00	00	00	00	00	00	00
1123)	9601.7	0	04F1	4	20	FF	65	B1
1124)	9621.7	0	0391	8	00	00	00	00	00	00	00	00
1125)	9621.7	0	04F1	4	00	FF	65	C1
1126)	9622.6	0	050C	8	C3	FF	03	FF	37	20	60	90
1127)	9641.5	0	0391	8	00	00	00	00	00	00	00	00
1128)	9641.5	0	04F1	4	20	FF	65	D1
1129)	9661.5	0	0391	8	00	00	00	00	00	00	00	00
1130)	9661.5	0	04F1	4	20	FF	65	E1
1131)	9681.5	0	0391	8	00	00	00	00	00	00	00	00
1132)	9681.5	0	04F1	4	00	FF	65	F1
1133)	9701.4	0	0391	8	00	00	00	00	00	00	00	00
1134)	9701.4	0	04F1	4	00	FF	65	01
1135)	9721.3	0	0391	8	00	00	00	00	00	00	00	00
1136)	9722.3	0	04F1	4	20	FF	65	11
1137)	9722.3	0	050C	8	C3	FF	03	FF	37	20	60	A0
1138)	9723.3	0	052A	8	FF	00	00	00	02	00	FF	01
1139)	9741.3	0	0391	8	00	00	00	00	00	00	00	00
1140)	9742.2	0	04F1	4	20	FF	65	21
1141)	9761.2	0	0391	8	00	00	00	00	00	00	00	00
1142)	9762.1	0	04F1	4	00	FF	65	31
1143)	9781.1	0	0391	8	00	00	00	00	00	00	00	00
1144)	9782.1	0	04F1	4	20	FF	65	41
1145)	9802.0	0	0391	8	00	00	00	00	00	00	00	00
1146)	9802.0	0	04F1	4	00	FF	65	51
1147)	9821.9	0	0391	8	00	00	00	00	00	00	00	00
1148)	9821.9	0	04F1	4	00	FF	65	61
1149)	9821.9	0	050C	8	C3	FF	03	FF	37	20	60	B0
1150)	9841.9	0	0391	8	00	00	00	00	00	00	00	00
1151)	9841.9	0	04F1	4	20	FF	65	71
1152)	9861.9	0	0391	8	00	00	00	00	00	00	00	00
1153)	9861.9	0	04F1	4	20	FF	65	81
1154)	9881.8	0	0391	8	00	00	00	00	00	00	00	00
1155)	9881.8	0	04F1	4	00	FF	65	91
1156)	9901.7	0	0391	8	00	00	00	00	00	00	00	00
1157)	9901.7	0	04F1	4	00	FF	65	A1
1158)	9921.7	0	0391	8	00	00	00	00	00	00	00	00
1159)	9921.7	0	04F1	4	20	FF	65	B1
1160)	9921.7	0	050C	8	C3	FF	03	FF	37	20	60	C0
1161)	9922.6	0	052A	8	FF	00	00	00	02	00	FF	01
1162)	9941.6	0	0391	8	00	00	00	00	00	00	00	00
1163)	9941.6	0	04F1	4	00	FF	65	C1
1164)	9961.5	0	0391	8	00	00	00	00	00	00	00	00
1165)	9961.5	0	04F1	4	20	FF	65	D1
1166)	9981.5	0	0391	8	00	00	00	00	00	00	00	00
1167)	9981.5	0	04F1	4	20	FF	65	E1
1168)	10001.4	0	0391	8	00	00	00	00	00	00	00	00
1169)	10001.4	0	04F1	4	00	FF	65	F1
1170)	10021.3	0	0391	8	00	00	00	00	00	00	00	00
1171)	10022.3	0	04F1	4	00	FF	65	01
1172)	10022.3	0	050C	8	C3	FF	03	FF	37	20	60	D0
1173)	10041.3	0	0391	8	00	00	00	00	00	00	00	00
1174)	10042.2	0	04F1	4	20	FF	65	11
1175)	10061.2	0	0391	8	00	00	00	00	00	00	00	00
1176)	10062.1	0	04F1	4	20	FF	65	21
1177)	10081.1	0	0391	8	00	00	00	00	00	00	00	00
1178)	10082.1	0	04F1	4	00	FF	65	31
1179)	10101.1	0	0391	8	00	00	00	00	00	00	00	00
1180)	10102.0	0	04F1	4	20	FF	65	41
1181)	10121.0	0	0391	8	00	00	00	00	00	00	00	00
1182)	10121.9	0	04F1	4	00	FF	65	51
1183)	10121.9	0	050C	8	C3	FF	03	FF	37	20	60	E0
1184)	10122.9	0	052A	8	FF	00	00	00	02	00	FF	01
1185)	10141.9	0	0391	8	00	00	00	00	00	00	00	00
1186)	10141.9	0	04F1	4	00	FF	65	61
1187)	10161.8	0	0391	8	00	00	00	00	00	00	00	00
1188)	10161.8	0	04F1	4	20	FF	65	71
1189)	10181.7	0	0391	8	00	00	00	00	00	00	00	00
1190)	10181.7	0	04F1	4	20	FF	65	81
1191)	10201.7	0	0391	8	00	00	00	00	00	00	00	00
1192)	10201.7	0	04F1	4	00	FF	65	91
1193)	10221.7	0	0391	8	00	00	00	00	00	00	00	00
1194)	10221.7	0	04F1	4	00	FF	65	A1
1195)	10222.6	0	050C	8	C3	FF	03	FF	37	20	60	F0
1196)	10241.5	0	0391	8	00	00	00	00	00	00	00	00
1197)	10241.5	0	04F1	4	20	FF	65	B1
1198)	10261.5	0	0391	8	00	00	00	00	00	00	00	00
1199)	10262.5	0	04F1	4	00	FF	65	C1
1200)	10281.5	0	0391	8	00	00	00	00	00	00	00	00
1201)	10281.5	0	04F1	4	20	FF	65	D1
1202)	10301.4	0	0391	8	00	00	00	00	00	00	00	00
1203)	10302.3	0	04F1	4	20	FF	65	E1
1204)	10321.3	0	0391	8	00	00	00	00	00	00	00	00
1205)	10321.3	0	04F1	4	00	FF	65	F1
1206)	10322.3	0	050C	8	C3	FF	03	FF	37	20	60	00
1207)	10322.3	0	052A	8	FF	00	00	00	02	00	FF	01
1208)	10341.3	0	0391	8	00	00	00	00	00	00	00	00
1209)	10342.2	0	04F1	4	00	FF	65	01
1210)	10361.2	0	0391	8	00	00	00	00	00	00	00	00
1211)	10361.2	0	04F1	4	20	FF	65	11
1212)	10381.1	0	0391	8	00	00	00	00	00	00	00	00
1213)	10382.1	0	04F1	4	20	FF	65	21
1214)	10401.1	0	0391	8	00	00	00	00	00	00	00	00
1215)	10402.0	0	04F1	4	00	FF	65	31
1216)	10421.0	0	0391	8	00	00	00	00	00	00	00	00
1217)	10421.9	0	04F1	4	20	FF	65	41
1218)	10421.9	0	050C	8	C3	FF	03	FF	37	20	60	10
1219)	10440.9	0	0391	8	00	00	00	00	00	00	00	00
1220)	10441.9	0	04F1	4	00	FF	65	51
1221)	10461.8	0	0391	8	00	00	00	00	00	00	00	00
1222)	10461.8	0	04F1	4	00	FF	65	61
1223)	10481.8	0	0391	8	00	00	00	00	00	00	00	00
1224)	10481.8	0	04F1	4	20	FF	65	71
1225)	10501.7	0	0391	8	00	00	00	00	00	00	00	00
1226)	10501.7	0	04F1	4	20	FF	65	81
1227)	10521.7	0	0391	8	00	00	00	00	00	00	00	00
1228)	10521.7	0	04F1	4	00	FF	65	91
1229)	10522.6	0	050C	8	C3	FF	03	FF	37	20	60	20
1230)	10523.6	0	052A	8	FF	00	00	00	02	00	FF	01
1231)	10523.6	0	05B0	4	9F	30	00	00
1232)	10541.5	0	0391	8	00	00	00	00	00	00	00	00
1233)	10541.5	0	04F1	4	00	FF	65	A1
1234)	10561.5	0	0391	8	00	00	00	00	00	00	00	00
1235)	10562.5	0	04F1	4	20	FF	65	B1
1236)	10581.5	0	0391	8	00	00	00	00	00	00	00	00
1237)	10582.4	0	04F1	4	00	FF	65	C1
1238)	10601.1	0	0391	8	00	00	00	00	00	00	00	00
1239)	10602.1	0	04F1	4	20	FF	65	D1
1240)	10621.3	0	0391	8	00	00	00	00	00	00	00	00
1241)	10621.3	0	04F1	4	20	FF	65	E1
1242)	10622.3	0	050C	8	C3	FF	03	FF	37	20	60	30
1243)	10641.2	0	0391	8	00	00	00	00	00	00	00	00
1244)	10642.2	0	04F1	4	00	FF	65	F1
1245)	10661.2	0	0391	8	00	00	00	00	00	00	00	00
1246)	10661.2	0	04F1	4	00	FF	65	01
1247)	10681.2	0	0391	8	00	00	00	00	00	00	00	00
1248)	10681.2	0	04F1	4	20	FF	65	11
1249)	10701.1	0	0391	8	00	00	00	00	00	00	00	00
1250)	10702.0	0	04F1	4	20	FF	65	21
1251)	10721.4	0	0391	8	00	00	00	00	00	00	00	00
1252)	10722.0	0	04F1	4	00	FF	65	31
1253)	10722.0	0	050C	8	C3	FF	03	FF	37	20	60	40
1254)	10722.0	0	052A	8	FF	00	00	00	02	00	FF	01
1255)	10741.0	0	0391	8	00	00	00	00	00	00	00	00
1256)	10741.9	0	04F1	4	20	FF	65	41
1257)	10760.9	0	0391	8	00	00	00	00	00	00	00	00
1258)	10761.8	0	04F1	4	00	FF	65	51
1259)	10781.8	0	0391	8	00	00	00	00	00	00	00	00
1260)	10781.8	0	04F1	4	00	FF	65	61
1261)	10801.7	0	0391	8	00	00	00	00	00	00	00	00
1262)	10801.7	0	04F1	4	20	FF	65	71
1263)	10821.7	0	0391	8	00	00	00	00	00	00	00	00
1264)	10821.7	0	04F1	4	20	FF	65	81
1265)	10821.7	0	050C	8	C3	FF	03	FF	37	20	60	50
1266)	10841.6	0	0391	8	00	00	00	00	00	00	00	00
1267)	10841.6	0	04F1	4	00	FF	65	91
1268)	10861.5	0	0391	8	00	00	00	00	00	00	00	00
1269)	10861.5	0	04F1	4	00	FF	65	A1
1270)	10881.5	0	0391	8	00	00	00	00	00	00	00	00
1271)	10881.5	0	04F1	4	20	FF	65	B1
1272)	10901.4	0	0391	8	00	00	00	00	00	00	00	00
1273)	10901.4	0	04F1	4	00	FF	65	C1
1274)	10921.3	0	0391	8	00	00	00	00	00	00	00	00
1275)	10921.3	0	04F1	4	20	FF	65	D1
1276)	10922.3	0	050C	8	C3	FF	03	FF	37	20	60	60
1277)	10922.3	0	052A	8	FF	00	00	00	02	00	FF	01
1278)	10941.2	0	0391	8	00	00	00	00	00	00	00	00
1279)	10941.2	0	04F1	4	20	FF	65	E1
1280)	10961.2	0	0391	8	00	00	00	00	00	00	00	00
1281)	10962.2	0	04F1	4	00	FF	65	F1
1282)	10981.1	0	0391	8	00	00	00	00	00	00	00	00
1283)	10981.1	0	04F1	4	00	FF	65	01
1284)	11001.1	0	0391	8	00	00	00	00	00	00	00	00
1285)	11001.1	0	04F1	4	20	FF	65	11
1286)	11021.0	0	0391	8	00	00	00	00	00	00	00	00
1287)	11022.0	0	04F1	4	20	FF	65	21
1288)	11022.0	0	050C	8	C3	FF	03	FF	37	20	60	70
1289)	11041.0	0	0391	8	00	00	00	00	00	00	00	00
1290)	11041.9	0	04F1	4	00	FF	65	31
1291)	11060.9	0	0391	8	00	00	00	00	00	00	00	00
1292)	11061.8	0	04F1	4	20	FF	65	41
1293)	11080.8	0	0391	8	00	00	00	00	00	00	00	00
1294)	11081.8	0	04F1	4	00	FF	65	51
1295)	11100.7	0	0391	8	00	00	00	00	00	00	00	00
1296)	11101.7	0	04F1	4	00	FF	65	61
1297)	11121.6	0	0391	8	00	00	00	00	00	00	00	00
1298)	11121.6	0	04F1	4	20	FF	65	71
1299)	11121.6	0	050C	8	C3	FF	03	FF	37	20	60	80
1300)	11122.6	0	052A	8	FF	00	00	00	02	00	FF	01
1301)	11141.6	0	0391	8	00	00	00	00	00	00	00	00
1302)	11141.6	0	04F1	4	20	FF	65	81
1303)	11161.5	0	0391	8	00	00	00	00	00	00	00	00
1304)	11161.5	0	04F1	4	00	FF	65	91
1305)	11181.5	0	0391	8	00	00	00	00	00	00	00	00
1306)	11181.5	0	04F1	4	00	FF	65	A1
1307)	11201.4	0	0391	8	00	00	00	00	00	00	00	00
1308)	11201.4	0	04F1	4	20	FF	65	B1
1309)	11221.4	0	0391	8	00	00	00	00	00	00	00	00
1310)	11221.4	0	04F1	4	00	FF	65	C1
1311)	11222.3	0	050C	8	C3	FF	03	FF	37	20	60	90
1312)	11241.3	0	0391	8	00	00	00	00	00	00	00	00
1313)	11241.3	0	04F1	4	20	FF	65	D1
1314)	11261.2	0	0391	8	00	00	00	00	00	00	00	00
1315)	11261.2	0	04F1	4	20	FF	65	E1
1316)	11281.2	0	0391	8	00	00	00	00	00	00	00	00
1317)	11281.2	0	04F1	4	00	FF	65	F1
1318)	11301.1	0	0391	8	00	00	00	00	00	00	00	00
1319)	11301.1	0	04F1	4	00	FF	65	01
1320)	11321.0	0	0391	8	00	00	00	00	00	00	00	00
1321)	11321.0	0	04F1	4	20	FF	65	11
1322)	11321.9	0	050C	8	C3	FF	03	FF	37	20	60	A0
1323)	11322.9	0	052A	8	FF	00	00	00	02	00	FF	01
1324)	11340.9	0	0391	8	00	00	00	00	00	00	00	00
1325)	11340.9	0	04F1	4	20	FF	65	21
1326)	11360.9	0	0391	8	00	00	00	00	00	00	00	00
1327)	11361.8	0	04F1	4	00	FF	65	31
1328)	11380.8	0	0391	8	00	00	00	00	00	00	00	00
1329)	11381.7	0	04F1	4	20	FF	65	41
1330)	11400.7	0	0391	8	00	00	00	00	00	00	00	00
1331)	11401.7	0	04F1	4	00	FF	65	51
1332)	11420.7	0	0391	8	00	00	00	00	00	00	00	00
1333)	11421.6	0	04F1	4	00	FF	65	61
1334)	11421.6	0	050C	8	C3	FF	03	FF	37	20	60	B0
1335)	11440.6	0	0391	8	00	00	00	00	00	00	00	00
1336)	11441.6	0	04F1	4	20	FF	65	71
1337)	11461.5	0	0391	8	00	00	00	00	00	00	00	00
1338)	11461.5	0	04F1	4	20	FF	65	81
1339)	11481.4	0	0391	8	00	00	00	00	00	00	00	00
1340)	11481.4	0	04F1	4	00	FF	65	91
1341)	11501.4	0	0391	8	00	00	00	00	00	00	00	00
1342)	11501.4	0	04F1	4	00	FF	65	A1
1343)	11521.3	0	0391	8	00	00	00	00	00	00	00	00
1344)	11521.3	0	04F1	4	20	FF	65	B1
1345)	11522.3	0	050C	8	C3	FF	03	FF	37	20	60	C0
1346)	11522.3	0	052A	8	FF	00	00	00	02	00	FF	01
1347)	11522.3	0	05B0	4	9F	30	00	00
1348)	11541.2	0	0391	8	00	00	00	00	00	00	00	00
1349)	11541.2	0	04F1	4	00	FF	65	C1
1350)	11561.2	0	0391	8	00	00	00	00	00	00	00	00
1351)	11561.2	0	04F1	4	20	FF	65	D1
1352)	11581.1	0	0391	8	00	00	00	00	00	00	00	00
1353)	11581.1	0	04F1	4	20	FF	65	E1
1354)	11601.1	0	0391	8	00	00	00	00	00	00	00	00
1355)	11601.1	0	04F1	4	00	FF	65	F1
1356)	11621.0	0	0391	8	00	00	00	00	00	00	00	00
1357)	11621.0	0	04F1	4	00	FF	65	01
1358)	11621.9	0	050C	8	C3	FF	03	FF	37	20	60	D0
1359)	11640.9	0	0391	8	00	00	00	00	00	00	00	00
1360)	11640.9	0	04F1	4	20	FF	65	11
1361)	11660.9	0	0391	8	00	00	00	00	00	00	00	00
1362)	11661.8	0	04F1	4	20	FF	65	21
1363)	11680.8	0	0391	8	00	00	00	00	00	00	00	00
1364)	11681.7	0	04F1	4	00	FF	65	31
1365)	11700.8	0	0391	8	00	00	00	00	00	00	00	00
1366)	11701.7	0	04F1	4	20	FF	65	41
1367)	11720.7	0	0391	8	00	00	00	00	00	00	00	00
1368)	11721.6	0	04F1	4	00	FF	65	51
1369)	11721.6	0	050C	8	C3	FF	03	FF	37	20	60	E0
1370)	11722.6	0	052A	8	FF	00	00	00	02	00	FF	01
1371)	11740.6	0	0391	8	00	00	00	00	00	00	00	00
1372)	11741.6	0	04F1	4	00	FF	65	61
1373)	11760.5	0	0391	8	00	00	00	00	00	00	00	00
1374)	11761.5	0	04F1	4	20	FF	65	71
1375)	11781.4	0	0391	8	00	00	00	00	00	00	00	00
1376)	11781.4	0	04F1	4	20	FF	65	81
1377)	11801.3	0	0391	8	00	00	00	00	00	00	00	00
1378)	11801.3	0	04F1	4	00	FF	65	91
1379)	11801.3	99	0165	8	1A	C8	7F	00	00	00	0D	A0
1380)	11821.3	0	0391	8	00	00	00	00	00	00	00	00
1381)	11821.3	0	04F1	4	00	FF	65	A1
1382)	11822.3	0	050C	8	C3	FF	03	FF	37	20	60	F0
1383)	11841.2	0	0391	8	00	00	00	00	00	00	00	00
1384)	11841.2	0	04F1	4	20	FF	65	B1
1385)	11856.2	99	02B0	5	5D	01	00	07	3D
1386)	11861.2	0	0391	8	00	00	00	00	00	00	00	00
1387)	11861.2	0	04F1	4	00	FF	65	C1
1388)	11881.1	0	0391	8	00	00	00	00	00	00	00	00
1389)	11881.1	0	04F1	4	20	FF	65	D1
1390)	11901.1	0	0391	8	00	00	00	00	00	00	00	00
1391)	11901.1	0	04F1	4	20	FF	65	E1
1392)	11918.4	99	0164	8	00	08	00	00	00	00	04	0C
1393)	11921.2	0	0391	8	00	00	00	00	00	00	00	00
1394)	11921.2	0	04F1	4	00	FF	65	F1
1395)	11921.2	0	050C	8	C3	FF	03	FF	37	20	60	00
1396)	11922.0	0	052A	8	FF	00	00	00	02	00	FF	01
1397)	11940.6	0	0391	8	00	00	00	00	00	00	00	00
1398)	11941.6	0	04F1	4	00	FF	65	01
1399)	11960.5	0	0391	8	00	00	00	00	00	00	00	00
1400)	11961.5	0	04F1	4	20	FF	65	11
1401)	11972.5	0	0370	8	00	20	00	80	FF	00	00	28
1402)	11980.5	0	0391	8	00	00	00	00	00	00	00	00
1403)	11981.4	0	04F1	4	20	FF	65	21
1404)	12000.4	0	0391	8	00	00	00	00	00	00	00	00
1405)	12001.4	0	04F1	4	00	FF	65	31
1406)	12021.3	0	0391	8	00	00	00	00	00	00	00	00
1407)	12021.3	0	04F1	4	20	FF	65	41
1408)	12021.3	0	050C	8	C3	FF	03	FF	37	20	60	10
1409)	12029.3	99	043F	8	00	40	60	FF	5F	E4	09	00
1410)	12041.2	0	0391	8	00	00	00	00	00	00	00	00
1411)	12041.2	0	04F1	4	00	FF	65	51
1412)	12061.2	0	0391	8	00	00	00	00	00	00	00	00
1413)	12061.2	0	04F1	4	00	FF	65	61
1414)	12081.1	0	0391	8	00	00	00	00	00	00	00	00
1415)	12081.1	0	04F1	4	20	FF	65	71
1416)	12085.1	0	0440	8	00	A0	00	00	FF	EC	09	00
1417)	12101.1	0	0391	8	00	00	00	00	00	00	00	00
1418)	12101.1	0	04F1	4	20	FF	65	81
1419)	12121.0	0	0391	8	00	00	00	00	00	00	00	00
1420)	12121.0	0	04F1	4	00	FF	65	91
1421)	12121.0	0	050C	8	C3	FF	03	FF	37	20	60	20
1422)	12122.0	0	052A	8	FF	00	00	00	02	00	FF	01
1423)	12139.9	99	0018	8	00	00	00	70	00	60	20	00
1424)	12140.9	0	0391	8	00	00	00	00	00	00	00	00
1425)	12140.9	0	04F1	4	00	FF	65	A1
1426)	12160.9	0	0391	8	00	00	00	00	00	00	00	00
1427)	12160.9	0	04F1	4	20	FF	65	B1
1428)	12180.8	0	0391	8	00	00	00	00	00	00	00	00
1429)	12180.8	0	04F1	4	00	FF	65	C1
1430)	12195.7	99	0316	8	45	2F	96	0A	2F	28	00	7F
1431)	12200.7	0	0391	8	00	00	00	00	00	00	00	00
1432)	12200.7	0	04F1	4	20	FF	65	D1
1433)	12221.1	0	0391	8	00	00	00	00	00	00	00	00
1434)	12221.1	0	04F1	4	20	FF	65	E1
1435)	12221.1	0	050C	8	C3	FF	03	FF	37	20	60	30
1436)	12241.2	0	0391	8	00	00	00	00	00	00	00	00
1437)	12241.2	0	04F1	4	00	FF	65	F1
1438)	12253.1	99	018F	8	FE	58	2F	00	00	43	00	10
1439)	12261.2	0	0391	8	00	00	00	00	00	00	00	00
1440)	12261.2	0	04F1	4	00	FF	65	01
1441)	12281.1	0	0391	8	00	00	00	00	00	00	00	00
1442)	12281.1	0	04F1	4	20	FF	65	11
1443)	12301.0	0	0391	8	00	00	00	00	00	00	00	00
1444)	12301.0	0	04F1	4	20	FF	65	21
1445)	12310.0	99	0080	8	00	17	96	0A	2F	28	2F	B8
1446)	12321.0	0	0391	8	00	00	00	00	00	00	00	00
1447)	12321.0	0	04F1	4	00	FF	65	31
1448)	12321.0	0	050C	8	C3	FF	03	FF	37	20	60	40
1449)	12321.0	0	052A	8	FF	00	00	00	02	00	FF	01
1450)	12340.8	0	0391	8	00	00	00	00	00	00	00	00
1451)	12341.8	0	04F1	4	20	FF	65	41
1452)	12360.8	0	0391	8	00	00	00	00	00	00	00	00
1453)	12360.8	0	04F1	4	00	FF	65	51
1454)	12364.8	99	0081	8	7F	84	74	00	00	00	00	B8
1455)	12380.8	0	0391	8	00	00	00	00	00	00	00	00
1456)	12380.8	0	04F1	4	00	FF	65	61
1457)	12400.7	0	0391	8	00	00	00	00	00	00	00	00
1458)	12400.7	0	04F1	4	20	FF	65	71
1459)	12420.6	99	0260	8	05	2F	00	30	FF	8C	59	07
1460)	12420.6	0	0391	8	00	00	00	00	00	00	00	00
1461)	12421.6	0	04F1	4	20	FF	65	81
1462)	12421.6	0	050C	8	C3	FF	03	FF	37	20	60	50
1463)	12440.5	0	0391	8	00	00	00	00	00	00	00	00
1464)	12441.5	0	04F1	4	00	FF	65	91
1465)	12460.4	0	0391	8	00	00	00	00	00	00	00	00
1466)	12461.4	0	04F1	4	00	FF	65	A1
1467)	12476.4	99	02A0	8	02	00	74	9D	F4	25	CD	09
1468)	12480.4	0	0391	8	00	00	00	00	00	00	00	00
1469)	12481.4	0	04F1	4	20	FF	65	B1
1470)	12500.4	0	0391	8	00	00	00	00	00	00	00	00
1471)	12501.3	0	04F1	4	00	FF	65	C1
1472)	12520.3	0	0391	8	00	00	00	00	00	00	00	00
1473)	12521.2	0	04F1	4	20	FF	65	D1
1474)	12521.2	0	050C	8	C3	FF	03	FF	37	20	60	60
1475)	12521.2	0	052A	8	FF	00	00	00	02	00	FF	01
1476)	12522.2	0	05B0	4	9F	30	00	00
1477)	12532.2	99	0153	8	00	80	10	FF	00	FF	20	AE
1478)	12541.2	0	0391	8	00	00	00	00	00	00	00	00
1479)	12541.2	0	04F1	4	20	FF	65	E1
1480)	12561.2	0	0391	8	00	00	00	00	00	00	00	00
1481)	12561.2	0	04F1	4	00	FF	65	F1
1482)	12581.1	0	0391	8	00	00	00	00	00	00	00	00
1483)	12581.1	0	04F1	4	00	FF	65	01
1484)	12596.0	99	0329	8	40	B4	7E	8C	11	2E	00	10
1485)	12601.0	0	0391	8	00	00	00	00	00	00	00	00
1486)	12601.0	0	04F1	4	20	FF	65	11
1487)	12621.0	0	0391	8	00	00	00	00	00	00	00	00
1488)	12621.0	0	04F1	4	20	FF	65	21
1489)	12621.9	0	050C	8	C3	FF	03	FF	37	20	60	70
1490)	12640.9	0	0391	8	00	00	00	00	00	00	00	00
1491)	12640.9	0	04F1	4	00	FF	65	31
1492)	12652.9	99	0382	8	40	FE	0F	00	00	00	00	0C
1493)	12660.8	0	0391	8	00	00	00	00	00	00	00	00
1494)	12660.8	0	04F1	4	20	FF	65	41
1495)	12680.8	0	0391	8	00	00	00	00	00	00	00	00
1496)	12680.8	0	04F1	4	00	FF	65	51
1497)	12700.7	0	0391	8	00	00	00	00	00	00	00	00
1498)	12701.7	0	04F1	4	00	FF	65	61
1499)	12706.7	99	0545	8	C8	15	00	88	30	00	33	00
1500)	12720.6	0	0391	8	00	00	00	00	00	00	00	00
1501)	12721.6	0	04F1	4	20	FF	65	71
1502)	12721.6	0	050C	8	C3	FF	03	FF	37	20	60	80
1503)	12722.6	0	052A	8	FF	00	00	00	02	00	FF	01
1504)	12740.5	0	0391	8	00	00	00	00	00	00	00	00
1505)	12741.5	0	04F1	4	20	FF	65	81
1506)	12760.5	0	0391	8	00	00	00	00	00	00	00	00
1507)	12761.5	0	04F1	4	00	FF	65	91
1508)	12761.5	99	02B0	5	5D	01	00	07	0E
1509)	12780.4	0	0391	8	00	00	00	00	00	00	00	00
1510)	12781.5	0	04F1	4	00	FF	65	A1
1511)	12800.3	0	0391	8	00	00	00	00	00	00	00	00
1512)	12801.3	0	04F1	4	20	FF	65	B1
1513)	12817.3	99	0165	8	1A	C8	7F	00	00	00	0E	A3
1514)	12820.3	0	0391	8	00	00	00	00	00	00	00	00
1515)	12821.2	0	04F1	4	00	FF	65	C1
1516)	12821.2	0	050C	8	C3	FF	03	FF	37	20	60	90
1517)	12840.2	0	0391	8	00	00	00	00	00	00	00	00
1518)	12841.2	0	04F1	4	20	FF	65	D1
1519)	12860.2	0	0391	8	00	00	00	00	00	00	00	00
1520)	12861.1	0	04F1	4	20	FF	65	E1
1521)	12874.1	99	04F0	8	00	00	6A	00	00	37	A4	0C
1522)	12881.0	0	0391	8	00	00	00	00	00	00	00	00
1523)	12881.0	0	04F1	4	00	FF	65	F1
1524)	12901.0	0	0391	8	00	00	00	00	00	00	00	00
1525)	12901.0	0	04F1	4	00	FF	65	01
1526)	12921.0	0	0391	8	00	00	00	00	00	00	00	00
1527)	12921.0	0	04F1	4	20	FF	65	11
1528)	12921.9	0	050C	8	C3	FF	03	FF	37	20	60	A0
1529)	12922.9	0	052A	8	FF	00	00	00	02	00	FF	01
1530)	12928.9	99	04B1	8	20	C3	96	95	00	00	00	0E
1531)	12940.8	0	0391	8	00	00	00	00	00	00	00	00
1532)	12940.8	0	04F1	4	20	FF	65	21
1533)	12960.8	0	0391	8	00	00	00	00	00	00	00	00
1534)	12960.8	0	04F1	4	00	FF	65	31
1535)	12980.8	0	0391	8	00	00	00	00	00	00	00	00
1536)	12980.8	0	04F1	4	20	FF	65	41
1537)	12983.7	99	0164	8	00	08	00	00	00	00	05	0D
1538)	13000.7	0	0391	8	00	00	00	00	00	00	00	00
1539)	13000.7	0	04F1	4	00	FF	65	51
1540)	13020.6	0	0391	8	00	00	00	00	00	00	00	00
1541)	13020.6	0	04F1	4	00	FF	65	61
1542)	13021.6	0	050C	8	C3	FF	03	FF	37	20	60	B0
1543)	13039.5	0	0370	8	00	20	00	80	FF	00	00	EC
1544)	13040.5	0	0391	8	00	00	00	00	00	00	00	00
1545)	13041.5	0	04F1	4	20	FF	65	71
1546)	13060.5	0	0391	8	00	00	00	00	00	00	00	00
1547)	13061.4	0	04F1	4	20	FF	65	81
1548)	13080.4	0	0391	8	00	00	00	00	00	00	00	00
1549)	13081.4	0	04F1	4	00	FF	65	91
1550)	13096.4	99	043F	8	00	40	60	FF	5F	E4	09	00
1551)	13100.4	0	0391	8	00	00	00	00	00	00	00	00
1552)	13101.3	0	04F1	4	00	FF	65	A1
1553)	13120.3	0	0391	8	00	00	00	00	00	00	00	00
1554)	13121.2	0	04F1	4	20	FF	65	B1
1555)	13122.2	0	050C	8	C3	FF	03	FF	37	20	60	C0
1556)	13122.2	0	052A	8	FF	00	00	00	02	00	FF	01
1557)	13140.2	0	0391	8	00	00	00	00	00	00	00	00
1558)	13141.2	0	04F1	4	00	FF	65	C1
1559)	13150.2	0	0440	8	00	F0	00	00	FF	E8	09	00
1560)	13160.1	0	0391	8	00	00	00	00	00	00	00	00
1561)	13161.1	0	04F1	4	20	FF	65	D1
1562)	13180.1	0	0391	8	00	00	00	00	00	00	00	00
1563)	13181.0	0	04F1	4	20	FF	65	E1
1564)	13200.0	0	0391	8	00	00	00	00	00	00	00	00
1565)	13201.0	0	04F1	4	00	FF	65	F1
1566)	13205.0	99	0350	8	1C	2B	24	84	90	00	00	07
1567)	13220.9	0	0391	8	00	00	00	00	00	00	00	00
1568)	13220.9	0	04F1	4	00	FF	65	01
1569)	13221.9	0	050C	8	C3	FF	03	FF	37	20	60	D0
1570)	13240.8	0	0391	8	00	00	00	00	00	00	00	00
1571)	13240.8	0	04F1	4	20	FF	65	11
1572)	13259.8	99	0316	8	45	2F	98	0A	2F	28	00	7F
1573)	13260.8	0	0391	8	00	00	00	00	00	00	00	00
1574)	13260.8	0	04F1	4	20	FF	65	21
1575)	13280.7	0	0391	8	00	00	00	00	00	00	00	00
1576)	13280.7	0	04F1	4	00	FF	65	31
1577)	13300.7	0	0391	8	00	00	00	00	00	00	00	00
1578)	13300.7	0	04F1	4	20	FF	65	41
1579)	13318.0	99	018F	8	FE	58	2F	00	00	43	00	10
1580)	13320.5	0	0391	8	00	00	00	00	00	00	00	00
1581)	13320.5	0	04F1	4	00	FF	65	51
1582)	13320.5	0	050C	8	C3	FF	03	FF	37	20	60	E0
1583)	13321.5	0	052A	8	FF	00	00	00	02	00	FF	01
1584)	13340.1	0	0391	8	00	00	00	00	00	00	00	00
1585)	13341.1	0	04F1	4	00	FF	65	61
1586)	13360.3	0	0391	8	00	00	00	00	00	00	00	00
1587)	13361.3	0	04F1	4	20	FF	65	71
1588)	13373.2	99	0080	8	00	17	98	0A	2F	28	2F	89
1589)	13380.3	0	0391	8	00	00	00	00	00	00	00	00
1590)	13381.2	0	04F1	4	20	FF	65	81
1591)	13400.2	0	0391	8	00	00	00	00	00	00	00	00
1592)	13401.1	0	04F1	4	00	FF	65	91
1593)	13420.1	0	0391	8	00	00	00	00	00	00	00	00
1594)	13421.1	0	04F1	4	00	FF	65	A1
1595)	13422.1	0	050C	8	C3	FF	03	FF	37	20	60	F0
1596)	13428.1	99	0081	8	7F	84	74	00	00	00	00	A9
1597)	13440.0	0	0391	8	00	00	00	00	00	00	00	00
1598)	13441.0	0	04F1	4	20	FF	65	B1
1599)	13460.0	0	0391	8	00	00	00	00	00	00	00	00
1600)	13460.9	0	04F1	4	00	FF	65	C1
1601)	13480.9	0	0391	8	00	00	00	00	00	00	00	00
1602)	13480.9	0	04F1	4	20	FF	65	D1
1603)	13482.9	99	0260	8	05	2F	00	30	FF	8C	59	16
1604)	13500.9	0	0391	8	00	00	00	00	00	00	00	00
1605)	13500.9	0	04F1	4	20	FF	65	E1
1606)	13520.8	0	0391	8	00	00	00	00	00	00	00	00
1607)	13520.8	0	04F1	4	00	FF	65	F1
1608)	13521.8	0	050C	8	C3	FF	03	FF	37	20	60	00
1609)	13521.8	0	052A	8	FF	00	00	00	02	00	FF	01
1610)	13522.7	0	05B0	4	9F	30	00	00
1611)	13538.7	99	0153	8	00	80	10	FF	00	FF	30	BE
1612)	13540.7	0	0391	8	00	00	00	00	00	00	00	00
1613)	13540.7	0	04F1	4	00	FF	65	01
1614)	13560.7	0	0391	8	00	00	00	00	00	00	00	00
1615)	13560.7	0	04F1	4	20	FF	65	11
1616)	13580.6	0	0391	8	00	00	00	00	00	00	00	00
1617)	13580.6	0	04F1	4	20	FF	65	21
1618)	13594.5	99	01F1	8	00	B2	00	00	00	00	00	00
1619)	13600.5	0	0391	8	00	00	00	00	00	00	00	00
1620)	13600.5	0	04F1	4	00	FF	65	31
1621)	13620.4	0	0391	8	00	00	00	00	00	00	00	00
1622)	13621.4	0	04F1	4	20	FF	65	41
1623)	13621.4	0	050C	8	C3	FF	03	FF	37	20	60	10
1624)	13640.4	0	0391	8	00	00	00	00	00	00	00	00
1625)	13641.4	0	04F1	4	00	FF	65	51
1626)	13655.3	99	02A0	8	A2	00	74	9D	F4	25	CD	09
1627)	13660.3	0	0391	8	00	00	00	00	00	00	00	00
1628)	13660.3	0	04F1	4	00	FF	65	61
1629)	13680.3	0	0391	8	00	00	00	00	00	00	00	00
1630)	13681.3	0	04F1	4	20	FF	65	71
1631)	13700.2	0	0391	8	00	00	00	00	00	00	00	00
1632)	13700.2	0	04F1	4	20	FF	65	81
1633)	13713.2	99	02C0	8	3D	00	00	00	00	00	00	00
1634)	13720.1	0	0391	8	00	00	00	00	00	00	00	00
1635)	13721.1	0	04F1	4	00	FF	65	91
1636)	13721.1	0	050C	8	C3	FF	03	FF	37	20	60	20
1637)	13721.1	0	052A	8	FF	00	00	00	02	00	FF	01
1638)	13740.1	0	0391	8	00	00	00	00	00	00	00	00
1639)	13741.0	0	04F1	4	00	FF	65	A1
1640)	13760.0	0	0391	8	00	00	00	00	00	00	00	00
1641)	13760.9	0	04F1	4	20	FF	65	B1
1642)	13769.0	99	0329	8	85	B4	7E	8C	11	2E	00	10
1643)	13780.9	0	0391	8	00	00	00	00	00	00	00	00
1644)	13780.9	0	04F1	4	00	FF	65	C1
1645)	13800.8	0	0391	8	00	00	00	00	00	00	00	00
1646)	13800.8	0	04F1	4	20	FF	65	D1
1647)	13820.7	0	0391	8	00	00	00	00	00	00	00	00
1648)	13820.7	0	04F1	4	20	FF	65	E1
1649)	13821.6	0	050C	8	C3	FF	03	FF	37	20	60	30
1650)	13824.6	99	0545	8	C8	15	00	88	2C	00	2F	00
1651)	13840.5	0	0391	8	00	00	00	00	00	00	00	00
1652)	13840.5	0	04F1	4	00	FF	65	F1
1653)	13860.5	0	0391	8	00	00	00	00	00	00	00	00
1654)	13860.5	0	04F1	4	00	FF	65	01
1655)	13880.5	0	0391	8	00	00	00	00	00	00	00	00
1656)	13880.5	0	04F1	4	20	FF	65	11
1657)	13880.5	99	04F2	8	A0	00	40	20	00	00	00	B6
1658)	13900.4	0	0391	8	00	00	00	00	00	00	00	00
1659)	13900.4	0	04F1	4	20	FF	65	21
1660)	13920.3	0	0391	8	00	00	00	00	00	00	00	00
1661)	13920.3	0	04F1	4	00	FF	65	31
1662)	13921.2	0	050C	8	C3	FF	03	FF	37	20	60	40
1663)	13922.2	0	052A	8	FF	00	00	00	02	00	FF	01
1664)	13935.2	99	02B0	5	5D	01	00	07	1F
1665)	13940.2	0	0391	8	00	00	00	00	00	00	00	00
1666)	13940.2	0	04F1	4	20	FF	65	41
1667)	13960.2	0	0391	8	00	00	00	00	00	00	00	00
1668)	13961.1	0	04F1	4	00	FF	65	51
1669)	13980.1	0	0391	8	00	00	00	00	00	00	00	00
1670)	13981.0	0	04F1	4	00	FF	65	61
1671)	13992.0	99	0165	8	1B	C8	7F	00	00	00	0F	A3
1672)	14000.0	0	0391	8	00	00	00	00	00	00	00	00
1673)	14001.0	0	04F1	4	20	FF	65	71
1674)	14020.0	0	0391	8	00	00	00	00	00	00	00	00
1675)	14020.9	0	04F1	4	20	FF	65	81
1676)	14021.9	0	050C	8	C3	FF	03	FF	37	20	60	50
1677)	14039.9	0	0391	8	00	00	00	00	00	00	00	00
1678)	14040.9	0	04F1	4	00	FF	65	91
1679)	14051.9	99	0164	8	00	08	00	00	00	00	06	0E
1680)	14059.8	0	0391	8	00	00	00	00	00	00	00	00
1681)	14060.8	0	04F1	4	00	FF	65	A1
1682)	14080.7	0	0391	8	00	00	00	00	00	00	00	00
1683)	14080.7	0	04F1	4	20	FF	65	B1
1684)	14100.6	0	0391	8	00	00	00	00	00	00	00	00
1685)	14100.6	0	04F1	4	00	FF	65	C1
1686)	14105.6	0	0370	8	00	20	00	80	FF	00	00	A0
1687)	14120.0	0	0391	8	00	00	00	00	00	00	00	00
1688)	14120.9	0	04F1	4	20	FF	65	D1
1689)	14120.9	0	050C	8	C3	FF	03	FF	37	20	60	60
1690)	14121.9	0	052A	8	FF	00	00	00	02	00	FF	01
1691)	14139.9	0	0391	8	00	00	00	00	00	00	00	00
1692)	14140.8	0	04F1	4	20	FF	65	E1
1693)	14160.4	0	0391	8	00	00	00	00	00	00	00	00
1694)	14160.4	0	04F1	4	00	FF	65	F1
1695)	14162.4	99	043F	8	00	40	60	FF	5F	E4	09	00
1696)	14180.3	0	0391	8	00	00	00	00	00	00	00	00
1697)	14180.3	0	04F1	4	00	FF	65	01
1698)	14200.3	0	0391	8	00	00	00	00	00	00	00	00
1699)	14200.3	0	04F1	4	20	FF	65	11
1700)	14217.2	0	0440	8	00	00	00	00	FF	E8	09	00
1701)	14220.2	0	0391	8	00	00	00	00	00	00	00	00
1702)	14220.2	0	04F1	4	20	FF	65	21
1703)	14221.2	0	050C	8	C3	FF	03	FF	37	20	60	70
1704)	14240.2	0	0391	8	00	00	00	00	00	00	00	00
1705)	14241.1	0	04F1	4	00	FF	65	31
1706)	14260.1	0	0391	8	00	00	00	00	00	00	00	00
1707)	14261.0	0	04F1	4	20	FF	65	41
1708)	14273.0	99	0120	4	00	00	00	00
1709)	14280.0	0	0391	8	00	00	00	00	00	00	00	00
1710)	14281.0	0	04F1	4	00	FF	65	51
1711)	14300.0	0	0391	8	00	00	00	00	00	00	00	00
1712)	14300.9	0	04F1	4	00	FF	65	61
1713)	14319.9	0	0391	8	00	00	00	00	00	00	00	00
1714)	14320.8	0	04F1	4	20	FF	65	71
1715)	14320.8	0	050C	8	C3	FF	03	FF	37	20	60	80
1716)	14321.8	0	052A	8	FF	00	00	00	02	00	FF	01
1717)	14325.8	99	0517	8	80	00	00	00	00	00	00	00
1718)	14339.8	0	0391	8	00	00	00	00	00	00	00	00
1719)	14340.8	0	04F1	4	20	FF	65	81
1720)	14360.7	0	0391	8	00	00	00	00	00	00	00	00
1721)	14360.7	0	04F1	4	00	FF	65	91
1722)	14380.6	0	0391	8	00	00	00	00	00	00	00	00
1723)	14380.6	0	04F1	4	00	FF	65	A1
1724)	14382.7	99	0316	8	45	2F	98	0A	2F	28	00	7F
1725)	14400.6	0	0391	8	00	00	00	00	00	00	00	00
1726)	14400.6	0	04F1	4	20	FF	65	B1
1727)	14420.6	0	0391	8	00	00	00	00	00	00	00	00
1728)	14420.6	0	04F1	4	00	FF	65	C1
1729)	14421.5	0	050C	8	C3	FF	03	FF	37	20	60	90
1730)	14435.5	99	0260	8	05	2F	00	30	FF	8C	59	25
1731)	14440.5	0	0391	8	00	00	00	00	00	00	00	00
1732)	14440.5	0	04F1	4	20	FF	65	D1
1733)	14460.4	0	0391	8	00	00	00	00	00	00	00	00
1734)	14460.4	0	04F1	4	20	FF	65	E1
1735)	14480.3	0	0391	8	00	00	00	00	00	00	00	00
1736)	14480.3	0	04F1	4	00	FF	65	F1
1737)	14491.3	99	02A0	8	C2	00	74	9D	F4	25	CD	09
1738)	14500.3	0	0391	8	00	00	00	00	00	00	00	00
1739)	14500.3	0	04F1	4	00	FF	65	01
1740)	14520.2	0	0391	8	00	00	00	00	00	00	00	00
1741)	14520.2	0	04F1	4	20	FF	65	11
1742)	14521.2	0	050C	8	C3	FF	03	FF	37	20	60	A0
1743)	14522.2	0	052A	8	FF	00	00	00	02	00	FF	01
1744)	14522.2	0	05B0	4	9F	30	00	00
1745)	14540.2	0	0391	8	00	00	00	00	00	00	00	00
1746)	14540.2	0	04F1	4	20	FF	65	21
1747)	14545.1	99	0080	8	00	17	98	0A	2F	28	2F	7A
1748)	14560.0	0	0391	8	00	00	00	00	00	00	00	00
1749)	14560.0	0	04F1	4	00	FF	65	31
1750)	14580.0	0	0391	8	00	00	00	00	00	00	00	00
1751)	14581.0	0	04F1	4	20	FF	65	41
1752)	14599.9	0	0391	8	00	00	00	00	00	00	00	00
1753)	14599.9	0	04F1	4	00	FF	65	51
1754)	14601.9	99	0081	8	7F	84	74	00	00	00	00	9A
1755)	14619.9	0	0391	8	00	00	00	00	00	00	00	00
1756)	14620.8	0	04F1	4	00	FF	65	61
1757)	14620.8	0	050C	8	C3	FF	03	FF	37	20	60	B0
1758)	14639.8	0	0391	8	00	00	00	00	00	00	00	00
1759)	14640.8	0	04F1	4	20	FF	65	71
1760)	14656.7	99	0153	8	00	80	10	FF	00	FF	40	CE
1761)	14659.7	0	0391	8	00	00	00	00	00	00	00	00
1762)	14660.7	0	04F1	4	20	FF	65	81
1763)	14680.3	0	0391	8	00	00	00	00	00	00	00	00
1764)	14680.3	0	04F1	4	00	FF	65	91
1765)	14700.2	0	0391	8	00	00	00	00	00	00	00	00
1766)	14700.2	0	04F1	4	00	FF	65	A1
1767)	14714.2	99	018F	8	FE	58	2F	00	00	43	00	10
1768)	14720.2	0	0391	8	00	00	00	00	00	00	00	00
1769)	14720.2	0	04F1	4	20	FF	65	B1
1770)	14720.2	0	050C	8	C3	FF	03	FF	37	20	60	C0
1771)	14720.2	0	052A	8	FF	00	00	00	02	00	FF	01
1772)	14740.1	0	0391	8	00	00	00	00	00	00	00	00
1773)	14740.1	0	04F1	4	00	FF	65	C1
1774)	14760.1	0	0391	8	00	00	00	00	00	00	00	00
1775)	14760.1	0	04F1	4	20	FF	65	D1
1776)	14776.0	99	0329	8	85	B4	7E	8C	11	2E	00	10
1777)	14780.0	0	0391	8	00	00	00	00	00	00	00	00
1778)	14780.0	0	04F1	4	20	FF	65	E1
1779)	14800.0	0	0391	8	00	00	00	00	00	00	00	00
1780)	14800.0	0	04F1	4	00	FF	65	F1
1781)	14820.2	0	0391	8	00	00	00	00	00	00	00	00
1782)	14820.2	0	04F1	4	00	FF	65	01
1783)	14820.8	0	050C	8	C3	FF	03	FF	37	20	60	D0
1784)	14832.8	99	0382	8	40	FE	0F	00	00	00	00	00
1785)	14839.8	0	0391	8	00	00	00	00	00	00	00	00
1786)	14840.8	0	04F1	4	20	FF	65	11
1787)	14859.7	0	0391	8	00	00	00	00	00	00	00	00
1788)	14860.7	0	04F1	4	20	FF	65	21
1789)	14879.7	0	0391	8	00	00	00	00	00	00	00	00
1790)	14880.6	0	04F1	4	00	FF	65	31
1791)	14890.6	99	0545	8	C8	15	00	87	2D	00	30	00
1792)	14899.6	0	0391	8	00	00	00	00	00	00	00	00
1793)	14900.6	0	04F1	4	20	FF	65	41
1794)	14919.5	0	0391	8	00	00	00	00	00	00	00	00
1795)	14920.5	0	04F1	4	00	FF	65	51
1796)	14920.5	0	050C	8	C3	FF	03	FF	37	20	60	E0
1797)	14921.5	0	052A	8	FF	00	00	00	02	00	FF	01
1798)	14940.4	0	0391	8	00	00	00	00	00	00	00	00
1799)	14940.4	0	04F1	4	00	FF	65	61
1800)	14946.5	99	0587	8	00	00	00	00	00	00	00	0D
1801)	14960.4	0	0391	8	00	00	00	00	00	00	00	00
1802)	14960.4	0	04F1	4	20	FF	65	71
1803)	14980.3	0	0391	8	00	00	00	00	00	00	00	00
1804)	14980.3	0	04F1	4	20	FF	65	81
1805)	15000.2	0	0391	8	00	00	00	00	00	00	00	00
1806)	15000.2	0	04F1	4	00	FF	65	91
1807)	15001.3	99	00A0	8	6E	7F	96	0A	00	23	00	02
1808)	15020.2	0	0391	8	00	00	00	00	00	00	00	00
1809)	15020.2	0	04F1	4	00	FF	65	A1
1810)	15020.2	0	050C	8	C3	FF	03	FF	37	20	60	F0
1811)	15040.1	0	0391	8	00	00	00	00	00	00	00	00
1812)	15040.1	0	04F1	4	20	FF	65	B1
1813)	15055.0	99	00A1	8	7D	7E	80	80	36	00	00	00
1814)	15060.1	0	0391	8	00	00	00	00	00	00	00	00
1815)	15060.1	0	04F1	4	00	FF	65	C1
1816)	15080.0	0	0391	8	00	00	00	00	00	00	00	00
1817)	15080.0	0	04F1	4	20	FF	65	D1
1818)	15099.5	0	0391	8	00	00	00	00	00	00	00	00
1819)	15100.5	0	04F1	4	20	FF	65	E1
1820)	15110.5	99	04F0	8	00	00	6C	00	00	37	A4	0C
1821)	15119.5	0	0391	8	00	00	00	00	00	00	00	00
1822)	15120.4	0	04F1	4	00	FF	65	F1
1823)	15120.4	0	050C	8	C3	FF	03	FF	37	20	60	00
1824)	15120.4	0	052A	8	FF	00	00	00	02	00	FF	01
1825)	15140.3	0	0391	8	00	00	00	00	00	00	00	00
1826)	15140.3	0	04F1	4	00	FF	65	01
1827)	15160.3	0	0391	8	00	00	00	00	00	00	00	00
1828)	15160.3	0	04F1	4	20	FF	65	11
1829)	15166.2	99	0165	8	1B	B8	7F	00	00	00	00	DC
1830)	15180.2	0	0391	8	00	00	00	00	00	00	00	00
1831)	15180.2	0	04F1	4	20	FF	65	21
1832)	15200.2	0	0391	8	00	00	00	00	00	00	00	00
1833)	15200.2	0	04F1	4	00	FF	65	31
1834)	15220.1	0	0391	8	00	00	00	00	00	00	00	00
1835)	15220.1	0	04F1	4	20	FF	65	41
1836)	15220.1	0	050C	8	C3	FF	03	FF	37	20	60	10
1837)	15221.1	99	02B0	5	5D	01	00	07	E0
1838)	15240.0	0	0391	8	00	00	00	00	00	00	00	00
1839)	15240.0	0	04F1	4	00	FF	65	51
1840)	15260.0	0	0391	8	00	00	00	00	00	00	00	00
1841)	15260.0	0	04F1	4	00	FF	65	61
1842)	15277.9	99	04B1	8	20	C3	96	95	00	00	00	0E
1843)	15279.9	0	0391	8	00	00	00	00	00	00	00	00
1844)	15279.9	0	04F1	4	20	FF	65	71
1845)	15299.9	0	0391	8	00	00	00	00	00	00	00	00
1846)	15299.9	0	04F1	4	20	FF	65	81
1847)	15319.8	0	0391	8	00	00	00	00	00	00	00	00
1848)	15319.8	0	04F1	4	00	FF	65	91
1849)	15320.7	0	050C	8	C3	FF	03	FF	37	20	60	20
1850)	15321.7	0	052A	8	FF	00	00	00	02	00	FF	01
1851)	15333.7	99	0164	8	00	08	00	00	00	00	07	0F
1852)	15339.7	0	0391	8	00	00	00	00	00	00	00	00
1853)	15340.7	0	04F1	4	00	FF	65	A1
1854)	15359.7	0	0391	8	00	00	00	00	00	00	00	00
1855)	15360.6	0	04F1	4	20	FF	65	B1
1856)	15379.6	0	0391	8	00	00	00	00	00	00	00	00
1857)	15380.5	0	04F1	4	00	FF	65	C1
1858)	15389.5	0	0370	8	00	20	00	80	FF	00	00	64
1859)	15399.5	0	0391	8	00	00	00	00	00	00	00	00
1860)	15400.5	0	04F1	4	20	FF	65	D1
1861)	15419.4	0	0391	8	00	00	00	00	00	00	00	00
1862)	15420.4	0	04F1	4	20	FF	65	E1
1863)	15420.4	0	050C	8	C3	FF	03	FF	37	20	60	30
1864)	15439.3	0	0391	8	00	00	00	00	00	00	00	00
1865)	15440.3	0	04F1	4	00	FF	65	F1
1866)	15444.4	99	043F	8	00	40	60	FF	5F	E8	09	00
1867)	15460.3	0	0391	8	00	00	00	00	00	00	00	00
1868)	15460.3	0	04F1	4	00	FF	65	01
1869)	15480.3	0	0391	8	00	00	00	00	00	00	00	00
1870)	15480.3	0	04F1	4	20	FF	65	11
1871)	15500.1	0	0391	8	00	00	00	00	00	00	00	00
1872)	15500.1	0	04F1	4	20	FF	65	21
1873)	15501.1	99	0350	8	1C	2B	34	84	90	00	00	17
1874)	15520.1	0	0391	8	00	00	00	00	00	00	00	00
1875)	15520.1	0	04F1	4	00	FF	65	31
1876)	15521.1	0	050C	8	C3	FF	03	FF	37	20	60	40
1877)	15521.1	0	052A	8	FF	00	00	00	02	00	FF	01
1878)	15521.1	0	05B0	4	9F	30	00	00
1879)	15540.1	0	0391	8	00	00	00	00	00	00	00	00
1880)	15540.1	0	04F1	4	20	FF	65	41
1881)	15556.9	0	0440	8	00	50	00	00	FF	F0	09	00
1882)	15560.0	0	0391	8	00	00	00	00	00	00	00	00
1883)	15560.0	0	04F1	4	00	FF	65	51
1884)	15579.9	0	0391	8	00	00	00	00	00	00	00	00
1885)	15579.9	0	04F1	4	00	FF	65	61
1886)	15599.9	0	0391	8	00	00	00	00	00	00	00	00
1887)	15599.9	0	04F1	4	20	FF	65	71
1888)	15611.7	99	0510	8	00	00	00	00	00	00	00	00
1889)	15619.8	0	0391	8	00	00	00	00	00	00	00	00
1890)	15619.8	0	04F1	4	20	FF	65	81
1891)	15619.8	0	050C	8	C3	FF	03	FF	37	20	60	50
1892)	15639.7	0	0391	8	00	00	00	00	00	00	00	00
1893)	15640.7	0	04F1	4	00	FF	65	91
1894)	15659.6	0	0391	8	00	00	00	00	00	00	00	00
1895)	15659.6	0	04F1	4	00	FF	65	A1
1896)	15665.6	99	0316	8	45	2F	9A	0A	2F	28	00	7F
1897)	15679.6	0	0391	8	00	00	00	00	00	00	00	00
1898)	15680.5	0	04F1	4	20	FF	65	B1
1899)	15699.5	0	0391	8	00	00	00	00	00	00	00	00
1900)	15700.5	0	04F1	4	00	FF	65	C1
1901)	15719.4	0	0391	8	00	00	00	00	00	00	00	00
1902)	15720.4	0	04F1	4	20	FF	65	D1
1903)	15720.4	0	050C	8	C3	FF	03	FF	37	20	60	60
1904)	15720.4	0	052A	8	FF	00	00	00	02	00	FF	01
1905)	15721.4	99	0260	8	05	2F	00	30	FF	8C	59	34
1906)	15739.4	0	0391	8	00	00	00	00	00	00	00	00
1907)	15740.3	0	04F1	4	20	FF	65	E1
1908)	15759.3	0	0391	8	00	00	00	00	00	00	00	00
1909)	15760.3	0	04F1	4	00	FF	65	F1
1910)	15778.2	99	018F	8	FE	58	2F	00	00	43	00	10
1911)	15780.2	0	0391	8	00	00	00	00	00	00	00	00
1912)	15780.2	0	04F1	4	00	FF	65	01
1913)	15800.2	0	0391	8	00	00	00	00	00	00	00	00
1914)	15800.2	0	04F1	4	20	FF	65	11
1915)	15820.1	0	0391	8	00	00	00	00	00	00	00	00
1916)	15820.1	0	04F1	4	20	FF	65	21
1917)	15820.1	0	050C	8	C3	FF	03	FF	37	20	60	70
1918)	15832.0	99	0080	8	00	17	9A	0A	2F	28	2F	4B
1919)	15840.0	0	0391	8	00	00	00	00	00	00	00	00
1920)	15840.0	0	04F1	4	00	FF	65	31
1921)	15860.0	0	0391	8	00	00	00	00	00	00	00	00
1922)	15860.0	0	04F1	4	20	FF	65	41
1923)	15879.9	0	0391	8	00	00	00	00	00	00	00	00
1924)	15879.9	0	04F1	4	00	FF	65	51
1925)	15887.8	99	0081	8	7F	84	74	00	00	00	00	8B
1926)	15899.9	0	0391	8	00	00	00	00	00	00	00	00
1927)	15899.9	0	04F1	4	00	FF	65	61
1928)	15919.7	0	0391	8	00	00	00	00	00	00	00	00
1929)	15919.7	0	04F1	4	20	FF	65	71
1930)	15919.7	0	050C	8	C3	FF	03	FF	37	20	60	80
1931)	15920.7	0	052A	8	FF	00	00	00	02	00	FF	01
1932)	15939.7	0	0391	8	00	00	00	00	00	00	00	00
1933)	15939.7	0	04F1	4	20	FF	65	81
1934)	15942.7	99	02A0	8	62	00	74	9D	F4	25	CD	09
1935)	15959.6	0	0391	8	00	00	00	00	00	00	00	00
1936)	15959.6	0	04F1	4	00	FF	65	91
1937)	15979.6	0	0391	8	00	00	00	00	00	00	00	00
1938)	15980.5	0	04F1	4	00	FF	65	A1
1939)	15999.5	99	0153	8	00	80	10	FF	00	FF	50	DE
1940)	16000.4	0	0391	8	00	00	00	00	00	00	00	00
1941)	16000.4	0	04F1	4	20	FF	65	B1
1942)	16019.4	0	0391	8	00	00	00	00	00	00	00	00
1943)	16020.4	0	04F1	4	00	FF	65	C1
1944)	16020.4	0	050C	8	C3	FF	03	FF	37	20	60	90
1945)	16039.9	0	0391	8	00	00	00	00	00	00	00	00
1946)	16039.9	0	04F1	4	20	FF	65	D1
1947)	16056.8	99	01F1	8	00	B2	00	00	00	00	00	00
1948)	16059.4	0	0391	8	00	00	00	00	00	00	00	00
1949)	16059.4	0	04F1	4	20	FF	65	E1
1950)	16079.4	0	0391	8	00	00	00	00	00	00	00	00
1951)	16080.3	0	04F1	4	00	FF	65	F1
1952)	16099.3	0	0391	8	00	00	00	00	00	00	00	00
1953)	16100.3	0	04F1	4	00	FF	65	01
1954)	16114.2	99	0329	8	85	B4	7E	8C	11	2E	00	10
1955)	16119.2	0	0391	8	00	00	00	00	00	00	00	00
1956)	16120.2	0	04F1	4	20	FF	65	11
1957)	16120.2	0	050C	8	C3	FF	03	FF	37	20	60	A0
1958)	16121.2	0	052A	8	FF	00	00	00	02	00	FF	01
1959)	16139.1	0	0391	8	00	00	00	00	00	00	00	00
1960)	16140.1	0	04F1	4	20	FF	65	21
1961)	16159.1	0	0391	8	00	00	00	00	00	00	00	00
1962)	16160.1	0	04F1	4	00	FF	65	31
1963)	16170.1	99	0545	8	C8	20	00	86	2D	00	30	00
1964)	16180.0	0	0391	8	00	00	00	00	00	00	00	00
1965)	16180.0	0	04F1	4	20	FF	65	41
1966)	16200.0	0	0391	8	00	00	00	00	00	00	00	00
1967)	16200.0	0	04F1	4	00	FF	65	51
1968)	16220.0	0	0391	8	00	00	00	00	00	00	00	00
1969)	16220.0	0	04F1	4	00	FF	65	61
1970)	16220.9	0	050C	8	C3	FF	03	FF	37	20	60	B0
1971)	16224.9	99	04F2	8	A0	00	40	20	00	00	00	B7
1972)	16239.8	0	0391	8	00	00	00	00	00	00	00	00
1973)	16239.8	0	04F1	4	20	FF	65	71
1974)	16259.7	0	0391	8	00	00	00	00	00	00	00	00
1975)	16259.7	0	04F1	4	20	FF	65	81
1976)	16278.7	99	02B0	5	5D	01	00	07	F1
1977)	16279.7	0	0391	8	00	00	00	00	00	00	00	00
1978)	16279.7	0	04F1	4	00	FF	65	91
1979)	16299.7	0	0391	8	00	00	00	00	00	00	00	00
1980)	16299.7	0	04F1	4	00	FF	65	A1
1981)	16319.6	0	0391	8	00	00	00	00	00	00	00	00
1982)	16319.6	0	04F1	4	20	FF	65	B1
1983)	16320.5	0	050C	8	C3	FF	03	FF	37	20	60	C0
1984)	16320.5	0	052A	8	FF	00	00	00	02	00	FF	01
1985)	16332.5	99	0165	8	1A	C8	7F	00	00	00	01	AC
1986)	16339.5	0	0391	8	00	00	00	00	00	00	00	00
1987)	16339.5	0	04F1	4	00	FF	65	C1
1988)	16359.4	0	0391	8	00	00	00	00	00	00	00	00
1989)	16360.4	0	04F1	4	20	FF	65	D1
1990)	16379.4	0	0391	8	00	00	00	00	00	00	00	00
1991)	16379.4	0	04F1	4	20	FF	65	E1
1992)	16392.4	99	0164	8	00	08	00	00	00	00	08	00
1993)	16399.3	0	0391	8	00	00	00	00	00	00	00	00
1994)	16399.3	0	04F1	4	00	FF	65	F1
1995)	16419.3	0	0391	8	00	00	00	00	00	00	00	00
1996)	16420.2	0	04F1	4	00	FF	65	01
1997)	16420.2	0	050C	8	C3	FF	03	FF	37	20	60	D0
1998)	16439.1	0	0391	8	00	00	00	00	00	00	00	00
1999)	16440.1	0	04F1	4	20	FF	65	11
2000)	16448.2	0	0370	8	00	20	00	80	FF	00	00	28
2001)	16460.1	0	0391	8	00	00	00	00	00	00	00	00
2002)	16460.1	0	04F1	4	20	FF	65	21
2003)	16479.1	0	0391	8	00	00	00	00	00	00	00	00
2004)	16480.0	0	04F1	4	00	FF	65	31
2005)	16499.9	0	0391	8	00	00	00	00	00	00	00	00
2006)	16499.9	0	04F1	4	20	FF	65	41
2007)	16504.0	99	043F	8	00	40	60	FF	5F	E8	09	00
2008)	16519.9	0	0391	8	00	00	00	00	00	00	00	00
2009)	16519.9	0	04F1	4	00	FF	65	51
2010)	16519.9	0	050C	8	C3	FF	03	FF	37	20	60	E0
2011)	16520.9	0	052A	8	FF	00	00	00	02	00	FF	01
2012)	16521.9	0	05B0	4	9F	30	00	00
2013)	16539.8	0	0391	8	00	00	00	00	00	00	00	00
2014)	16540.8	0	04F1	4	00	FF	65	61
2015)	16559.7	0	0391	8	00	00	00	00	00	00	00	00
2016)	16559.7	0	0440	8	00	A0	00	00	FF	E8	09	00
2017)	16560.7	0	04F1	4	20	FF	65	71
2018)	16579.7	0	0391	8	00	00	00	00	00	00	00	00
2019)	16579.7	0	04F1	4	20	FF	65	81
2020)	16599.7	0	0391	8	00	00	00	00	00	00	00	00
2021)	16599.7	0	04F1	4	00	FF	65	91
2022)	16615.6	99	0018	8	00	00	00	70	00	60	20	00
2023)	16619.6	0	0391	8	00	00	00	00	00	00	00	00
2024)	16619.6	0	04F1	4	00	FF	65	A1
2025)	16620.5	0	050C	8	C3	FF	03	FF	37	20	60	F0
2026)	16639.5	0	0391	8	00	00	00	00	00	00	00	00
2027)	16639.5	0	04F1	4	20	FF	65	B1
2028)	16659.4	0	0391	8	00	00	00	00	00	00	00	00
2029)	16660.4	0	04F1	4	00	FF	65	C1
2030)	16671.4	99	0316	8	45	2F	9A	0A	2F	28	00	7F
2031)	16679.3	0	0391	8	00	00	00	00	00	00	00	00
2032)	16679.3	0	04F1	4	20	FF	65	D1
2033)	16699.3	0	0391	8	00	00	00	00	00	00	00	00
2034)	16699.3	0	04F1	4	20	FF	65	E1
2035)	16719.3	0	0391	8	00	00	00	00	00	00	00	00
2036)	16720.2	0	04F1	4	00	FF	65	F1
2037)	16720.2	0	050C	8	C3	FF	03	FF	37	20	60	00
2038)	16721.2	0	052A	8	FF	00	00	00	02	00	FF	01
2039)	16726.2	99	018F	8	FE	58	2F	00	00	43	00	10
2040)	16739.1	0	0391	8	00	00	00	00	00	00	00	00
2041)	16740.1	0	04F1	4	00	FF	65	01
2042)	16759.1	0	0391	8	00	00	00	00	00	00	00	00
2043)	16760.1	0	04F1	4	20	FF	65	11
2044)	16779.1	0	0391	8	00	00	00	00	00	00	00	00
2045)	16780.0	0	04F1	4	20	FF	65	21
2046)	16783.0	99	0080	8	00	17	9A	0A	2F	28	2F	3C
2047)	16799.0	0	0391	8	00	00	00	00	00	00	00	00
2048)	16799.9	0	04F1	4	00	FF	65	31
2049)	16819.9	0	0391	8	00	00	00	00	00	00	00	00
2050)	16819.9	0	04F1	4	20	FF	65	41
2051)	16819.9	0	050C	8	C3	FF	03	FF	37	20	60	10
2052)	16835.8	99	0081	8	7F	84	74	00	00	00	00	7C
2053)	16839.8	0	0391	8	00	00	00	00	00	00	00	00
2054)	16839.8	0	04F1	4	00	FF	65	51
2055)	16859.8	0	0391	8	00	00	00	00	00	00	00	00
2056)	16859.8	0	04F1	4	00	FF	65	61
2057)	16879.7	0	0391	8	00	00	00	00	00	00	00	00
2058)	16879.7	0	04F1	4	20	FF	65	71
2059)	16891.7	99	0260	8	05	2F	00	30	FF	8C	59	07
2060)	16899.7	0	0391	8	00	00	00	00	00	00	00	00
2061)	16899.7	0	04F1	4	20	FF	65	81
2062)	16919.6	0	0391	8	00	00	00	00	00	00	00	00
2063)	16919.6	0	04F1	4	00	FF	65	91
2064)	16920.5	0	050C	8	C3	FF	03	FF	37	20	60	20
2065)	16920.5	0	052A	8	FF	00	00	00	02	00	FF	01
2066)	16939.5	0	0391	8	00	00	00	00	00	00	00	00
2067)	16939.5	0	04F1	4	00	FF	65	A1
2068)	16946.4	99	02A0	8	02	00	74	9D	F4	25	CD	09
2069)	16959.4	0	0391	8	00	00	00	00	00	00	00	00
2070)	16959.4	0	04F1	4	20	FF	65	B1
2071)	16979.4	0	0391	8	00	00	00	00	00	00	00	00
2072)	16979.4	0	04F1	4	00	FF	65	C1
2073)	16999.3	0	0391	8	00	00	00	00	00	00	00	00
2074)	17000.3	0	04F1	4	20	FF	65	D1
2075)	17002.3	99	0153	8	00	80	10	FF	00	FF	60	EE
2076)	17019.2	0	0391	8	00	00	00	00	00	00	00	00
2077)	17020.2	0	04F1	4	20	FF	65	E1
2078)	17020.2	0	050C	8	C3	FF	03	FF	37	20	60	30
2079)	17039.2	0	0391	8	00	00	00	00	00	00	00	00
2080)	17040.1	0	04F1	4	00	FF	65	F1
2081)	17059.1	0	0391	8	00	00	00	00	00	00	00	00
2082)	17060.1	0	04F1	4	00	FF	65	01
2083)	17062.1	99	0329	8	85	B4	7E	8C	11	2E	00	10
2084)	17079.1	0	0391	8	00	00	00	00	00	00	00	00
2085)	17080.0	0	04F1	4	20	FF	65	11
2086)	17099.0	0	0391	8	00	00	00	00	00	00	00	00
2087)	17099.9	0	04F1	4	20	FF	65	21
2088)	17117.9	99	0382	8	40	FE	0F	00	00	00	00	04
2089)	17118.9	0	0391	8	00	00	00	00	00	00	00	00
2090)	17119.9	0	04F1	4	00	FF	65	31
2091)	17119.9	0	050C	8	C3	FF	03	FF	37	20	60	40
2092)	17119.9	0	052A	8	FF	00	00	00	02	00	FF	01
2093)	17139.8	0	0391	8	00	00	00	00	00	00	00	00
2094)	17139.8	0	04F1	4	20	FF	65	41
2095)	17159.8	0	0391	8	00	00	00	00	00	00	00	00
2096)	17159.8	0	04F1	4	00	FF	65	51
2097)	17171.7	99	0545	8	C8	20	00	86	2C	00	2F	00
2098)	17179.7	0	0391	8	00	00	00	00	00	00	00	00
2099)	17179.7	0	04F1	4	00	FF	65	61
2100)	17199.7	0	0391	8	00	00	00	00	00	00	00	00
2101)	17199.7	0	04F1	4	20	FF	65	71
2102)	17219.6	0	0391	8	00	00	00	00	00	00	00	00
2103)	17219.6	0	04F1	4	20	FF	65	81
2104)	17219.6	0	050C	8	C3	FF	03	FF	37	20	60	50
2105)	17224.5	99	04F0	8	00	00	6E	00	00	37	A4	0C
2106)	17239.5	0	0391	8	00	00	00	00	00	00	00	00
2107)	17239.5	0	04F1	4	00	FF	65	91
2108)	17259.4	0	0391	8	00	00	00	00	00	00	00	00
2109)	17259.4	0	04F1	4	00	FF	65	A1
2110)	17279.3	0	0391	8	00	00	00	00	00	00	00	00
2111)	17279.3	0	04F1	4	20	FF	65	B1
2112)	17280.4	99	02B0	5	5D	01	00	07	C2
2113)	17299.3	0	0391	8	00	00	00	00	00	00	00	00
2114)	17300.3	0	04F1	4	00	FF	65	C1
2115)	17319.2	0	0391	8	00	00	00	00	00	00	00	00
2116)	17319.2	0	04F1	4	20	FF	65	D1
2117)	17320.2	0	050C	8	C3	FF	03	FF	37	20	60	60
2118)	17320.2	0	052A	8	FF	00	00	00	02	00	FF	01
2119)	17337.1	99	0165	8	1A	C8	7F	00	00	00	02	AF
2120)	17339.1	0	0391	8	00	00	00	00	00	00	00	00
2121)	17339.1	0	04F1	4	20	FF	65	E1
2122)	17359.1	0	0391	8	00	00	00	00	00	00	00	00
2123)	17360.1	0	04F1	4	00	FF	65	F1
2124)	17379.5	0	0391	8	00	00	00	00	00	00	00	00
2125)	17380.0	0	04F1	4	00	FF	65	01
2126)	17394.3	99	04B1	8	20	C3	96	95	00	00	00	0E
2127)	17399.3	0	0391	8	00	00	00	00	00	00	00	00
2128)	17400.2	0	04F1	4	20	FF	65	11
2129)	17419.2	0	0391	8	00	00	00	00	00	00	00	00
2130)	17420.1	0	04F1	4	20	FF	65	21
2131)	17420.1	0	050C	8	C3	FF	03	FF	37	20	60	70
2132)	17439.1	0	0391	8	00	00	00	00	00	00	00	00
2133)	17440.1	0	04F1	4	00	FF	65	31
2134)	17453.1	99	0164	8	00	08	00	00	00	00	09	01
2135)	17459.1	0	0391	8	00	00	00	00	00	00	00	00
2136)	17460.0	0	04F1	4	20	FF	65	41
2137)	17479.0	0	0391	8	00	00	00	00	00	00	00	00
2138)	17479.9	0	04F1	4	00	FF	65	51
2139)	17498.9	0	0391	8	00	00	00	00	00	00	00	00
2140)	17499.9	0	04F1	4	00	FF	65	61
2141)	17511.9	0	0370	8	00	20	00	80	FF	00	00	EC
2142)	17518.9	0	0391	8	00	00	00	00	00	00	00	00
2143)	17519.8	0	04F1	4	20	FF	65	71
2144)	17519.8	0	050C	8	C3	FF	03	FF	37	20	60	80
2145)	17520.8	0	052A	8	FF	00	00	00	02	00	FF	01
2146)	17520.8	0	05B0	4	9F	30	00	00
2147)	17538.7	0	0391	8	00	00	00	00	00	00	00	00
2148)	17539.7	0	04F1	4	20	FF	65	81
2149)	17559.7	0	0391	8	00	00	00	00	00	00	00	00
2150)	17559.7	0	04F1	4	00	FF	65	91
2151)	17579.6	0	0391	8	00	00	00	00	00	00	00	00
2152)	17579.6	0	04F1	4	00	FF	65	A1
2153)	17599.6	0	0391	8	00	00	00	00	00	00	00	00
2154)	17599.6	0	04F1	4	20	FF	65	B1
2155)	17619.5	0	0391	8	00	00	00	00	00	00	00	00
2156)	17619.5	0	04F1	4	00	FF	65	C1
2157)	17619.5	0	050C	8	C3	FF	03	FF	37	20	60	90
2158)	17639.4	0	0391	8	00	00	00	00	00	00	00	00
2159)	17639.4	0	04F1	4	20	FF	65	D1
2160)	17659.3	0	0391	8	00	00	00	00	00	00	00	00
2161)	17659.3	0	04F1	4	20	FF	65	E1
2162)	17678.8	0	0391	8	00	00	00	00	00	00	00	00
2163)	17679.8	0	04F1	4	00	FF	65	F1
2164)	17699.4	0	0391	8	00	00	00	00	00	00	00	00
2165)	17699.4	0	04F1	4	00	FF	65	01
2166)	17719.5	0	0391	8	00	00	00	00	00	00	00	00
2167)	17719.5	0	04F1	4	20	FF	65	11
2168)	17720.4	0	050C	8	C3	FF	03	FF	37	20	60	A0
2169)	17721.4	0	052A	8	FF	00	00	00	02	00	FF	01
2170)	17739.4	0	0391	8	00	00	00	00	00	00	00	00
2171)	17739.4	0	04F1	4	20	FF	65	21
2172)	17759.3	0	0391	8	00	00	00	00	00	00	00	00
2173)	17759.3	0	04F1	4	00	FF	65	31
2174)	17779.2	0	0391	8	00	00	00	00	00	00	00	00
2175)	17779.2	0	04F1	4	20	FF	65	41
2176)	17799.2	0	0391	8	00	00	00	00	00	00	00	00
2177)	17799.2	0	04F1	4	00	FF	65	51
2178)	17819.2	0	0391	8	00	00	00	00	00	00	00	00
2179)	17819.2	0	04F1	4	00	FF	65	61
2180)	17819.2	0	050C	8	C3	FF	03	FF	37	20	60	B0
2181)	17839.0	0	0391	8	00	00	00	00	00	00	00	00
2182)	17840.1	0	04F1	4	20	FF	65	71
2183)	17859.0	0	0391	8	00	00	00	00	00	00	00	00
2184)	17860.0	0	04F1	4	20	FF	65	81
2185)	17878.9	0	0391	8	00	00	00	00	00	00	00	00
2186)	17879.9	0	04F1	4	00	FF	65	91
2187)	17898.9	0	0391	8	00	00	00	00	00	00	00	00
2188)	17899.8	0	04F1	4	00	FF	65	A1
2189)	17918.8	0	0391	8	00	00	00	00	00	00	00	00
2190)	17919.8	0	04F1	4	20	FF	65	B1
2191)	17919.8	0	050C	8	C3	FF	03	FF	37	20	60	C0
2192)	17920.8	0	052A	8	FF	00	00	00	02	00	FF	01
2193)	17938.7	0	0391	8	00	00	00	00	00	00	00	00
2194)	17939.7	0	04F1	4	00	FF	65	C1
2195)	17958.7	0	0391	8	00	00	00	00	00	00	00	00
2196)	17959.6	0	04F1	4	20	FF	65	D1
2197)	17979.7	0	0391	8	00	00	00	00	00	00	00	00
2198)	17979.7	0	04F1	4	20	FF	65	E1
2199)	17999.1	0	0391	8	00	00	00	00	00	00	00	00
2200)	17999.1	0	04F1	4	00	FF	65	F1
2201)	18018.9	0	0391	8	00	00	00	00	00	00	00	00
2202)	18019.9	0	04F1	4	00	FF	65	01
2203)	18020.8	0	050C	8	C3	FF	03	FF	37	20	60	D0
2204)	18039.4	0	0391	8	00	00	00	00	00	00	00	00
2205)	18039.4	0	04F1	4	20	FF	65	11
2206)	18059.4	0	0391	8	00	00	00	00	00	00	00	00
2207)	18059.4	0	04F1	4	20	FF	65	21
2208)	18079.3	0	0391	8	00	00	00	00	00	00	00	00
2209)	18079.3	0	04F1	4	00	FF	65	31
2210)	18099.3	0	0391	8	00	00	00	00	00	00	00	00
2211)	18099.3	0	04F1	4	20	FF	65	41
2212)	18119.2	0	0391	8	00	00	00	00	00	00	00	00
2213)	18119.2	0	04F1	4	00	FF	65	51
2214)	18119.2	0	050C	8	C3	FF	03	FF	37	20	60	E0
2215)	18120.1	0	052A	8	FF	00	00	00	02	00	FF	01
2216)	18139.1	0	0391	8	00	00	00	00	00	00	00	00
2217)	18139.1	0	04F1	4	00	FF	65	61
2218)	18159.0	0	0391	8	00	00	00	00	00	00	00	00
2219)	18159.0	0	04F1	4	20	FF	65	71
2220)	18178.8	0	0391	8	00	00	00	00	00	00	00	00
2221)	18179.8	0	04F1	4	20	FF	65	81
2222)	18199.3	0	0391	8	00	00	00	00	00	00	00	00
2223)	18199.3	0	04F1	4	00	FF	65	91
2224)	18219.1	0	0391	8	00	00	00	00	00	00	00	00
2225)	18219.1	0	04F1	4	00	FF	65	A1
2226)	18219.1	0	050C	8	C3	FF	03	FF	37	20	60	F0
2227)	18239.1	0	0391	8	00	00	00	00	00	00	00	00
2228)	18239.1	0	04F1	4	20	FF	65	B1
2229)	18259.0	0	0391	8	00	00	00	00	00	00	00	00
2230)	18259.0	0	04F1	4	00	FF	65	C1
2231)	18279.0	0	0391	8	00	00	00	00	00	00	00	00
2232)	18279.0	0	04F1	4	20	FF	65	D1
2233)	18298.9	0	0391	8	00	00	00	00	00	00	00	00
2234)	18298.9	0	04F1	4	20	FF	65	E1
2235)	18318.8	0	0391	8	00	00	00	00	00	00	00	00
2236)	18318.8	0	04F1	4	00	FF	65	F1
2237)	18318.8	0	050C	8	C3	FF	03	FF	37	20	60	00
2238)	18319.8	0	052A	8	FF	00	00	00	02	00	FF	01
2239)	18338.7	0	0391	8	00	00	00	00	00	00	00	00
2240)	18339.7	0	04F1	4	00	FF	65	01
2241)	18358.7	0	0391	8	00	00	00	00	00	00	00	00
2242)	18359.7	0	04F1	4	20	FF	65	11
2243)	18378.7	0	0391	8	00	00	00	00	00	00	00	00
2244)	18379.6	0	04F1	4	20	FF	65	21
2245)	18398.6	0	0391	8	00	00	00	00	00	00	00	00
2246)	18399.5	0	04F1	4	00	FF	65	31
2247)	18419.3	0	0391	8	00	00	00	00	00	00	00	00
2248)	18419.3	0	04F1	4	20	FF	65	41
2249)	18420.1	0	050C	8	C3	FF	03	FF	37	20	60	10
2250)	18439.2	0	0391	8	00	00	00	00	00	00	00	00
2251)	18439.2	0	04F1	4	00	FF	65	51
2252)	18459.1	0	0391	8	00	00	00	00	00	00	00	00
2253)	18459.1	0	04F1	4	00	FF	65	61
2254)	18479.1	0	0391	8	00	00	00	00	00	00	00	00
2255)	18479.1	0	04F1	4	20	FF	65	71
2256)	18499.0	0	0391	8	00	00	00	00	00	00	00	00
2257)	18499.0	0	04F1	4	20	FF	65	81
2258)	18518.9	0	0391	8	00	00	00	00	00	00	00	00
2259)	18518.9	0	04F1	4	00	FF	65	91
2260)	18518.9	0	050C	8	C3	FF	03	FF	37	20	60	20
2261)	18519.9	0	052A	8	FF	00	00	00	02	00	FF	01
2262)	18520.9	0	05B0	4	9F	30	00	00
2263)	18538.9	0	0391	8	00	00	00	00	00	00	00	00
2264)	18538.9	0	04F1	4	00	FF	65	A1
2265)	18558.8	0	0391	8	00	00	00	00	00	00	00	00
2266)	18558.8	0	04F1	4	20	FF	65	B1
2267)	18578.7	0	0391	8	00	00	00	00	00	00	00	00
2268)	18578.7	0	04F1	4	00	FF	65	C1
2269)	18599.1	0	0391	8	00	00	00	00	00	00	00	00
2270)	18599.1	0	04F1	4	20	FF	65	D1
2271)	18618.9	0	0391	8	00	00	00	00	00	00	00	00
2272)	18618.9	0	04F1	4	20	FF	65	E1
2273)	18618.9	0	050C	8	C3	FF	03	FF	37	20	60	30
2274)	18638.6	0	0391	8	00	00	00	00	00	00	00	00
2275)	18638.6	0	04F1	4	00	FF	65	F1
2276)	18658.5	0	0391	8	00	00	00	00	00	00	00	00
2277)	18659.5	0	04F1	4	00	FF	65	01
2278)	18678.5	0	0391	8	00	00	00	00	00	00	00	00
2279)	18679.5	0	04F1	4	20	FF	65	11
2280)	18698.8	0	0391	8	00	00	00	00	00	00	00	00
2281)	18698.8	0	04F1	4	20	FF	65	21
2282)	18718.3	0	0391	8	00	00	00	00	00	00	00	00
2283)	18719.3	0	04F1	4	00	FF	65	31
2284)	18719.3	0	050C	8	C3	FF	03	FF	37	20	60	40
2285)	18720.3	0	052A	8	FF	00	00	00	02	00	FF	01
2286)	18739.2	0	0391	8	00	00	00	00	00	00	00	00
2287)	18739.2	0	04F1	4	20	FF	65	41
2288)	18759.1	0	0391	8	00	00	00	00	00	00	00	00
2289)	18759.1	0	04F1	4	00	FF	65	51
2290)	18779.2	0	0391	8	00	00	00	00	00	00	00	00
2291)	18779.4	0	04F1	4	00	FF	65	61
2292)	18799.1	0	0391	8	00	00	00	00	00	00	00	00
2293)	18799.1	0	04F1	4	20	FF	65	71
2294)	18819.0	0	0391	8	00	00	00	00	00	00	00	00
2295)	18819.0	0	04F1	4	20	FF	65	81
2296)	18819.0	0	050C	8	C3	FF	03	FF	37	20	60	50
2297)	18839.0	0	0391	8	00	00	00	00	00	00	00	00
2298)	18839.0	0	04F1	4	00	FF	65	91
2299)	18858.9	0	0391	8	00	00	00	00	00	00	00	00
2300)	18858.9	0	04F1	4	00	FF	65	A1
2301)	18878.9	0	0391	8	00	00	00	00	00	00	00	00
2302)	18878.9	0	04F1	4	20	FF	65	B1
2303)	18898.8	0	0391	8	00	00	00	00	00	00	00	00
2304)	18898.8	0	04F1	4	00	FF	65	C1
2305)	18918.7	0	0391	8	00	00	00	00	00	00	00	00
2306)	18918.7	0	04F1	4	20	FF	65	D1
2307)	18919.7	0	050C	8	C3	FF	03	FF	37	20	60	60
2308)	18920.7	0	052A	8	FF	00	00	00	02	00	FF	01
2309)	18938.7	0	0391	8	00	00	00	00	00	00	00	00
2310)	18938.7	0	04F1	4	20	FF	65	E1
2311)	18958.5	0	0391	8	00	00	00	00	00	00	00	00
2312)	18959.5	0	04F1	4	00	FF	65	F1
2313)	18978.5	0	0391	8	00	00	00	00	00	00	00	00
2314)	18979.5	0	04F1	4	00	FF	65	01
2315)	18998.5	0	0391	8	00	00	00	00	00	00	00	00
2316)	18999.4	0	04F1	4	20	FF	65	11
2317)	19018.4	0	0391	8	00	00	00	00	00	00	00	00
2318)	19019.3	0	04F1	4	20	FF	65	21
2319)	19019.3	0	050C	8	C3	FF	03	FF	37	20	60	70
2320)	19038.3	0	0391	8	00	00	00	00	00	00	00	00
2321)	19039.3	0	04F1	4	00	FF	65	31
2322)	19058.3	0	0391	8	00	00	00	00	00	00	00	00
2323)	19059.2	0	04F1	4	20	FF	65	41
2324)	19079.1	0	0391	8	00	00	00	00	00	00	00	00
2325)	19079.1	0	04F1	4	00	FF	65	51
2326)	19099.1	0	0391	8	00	00	00	00	00	00	00	00
2327)	19099.1	0	04F1	4	00	FF	65	61
2328)	19119.1	0	0391	8	00	00	00	00	00	00	00	00
2329)	19119.1	0	04F1	4	20	FF	65	71
2330)	19119.1	0	050C	8	C3	FF	03	FF	37	20	60	80
2331)	19120.0	0	052A	8	FF	00	00	00	02	00	FF	01
2332)	19138.9	0	0391	8	00	00	00	00	00	00	00	00
2333)	19138.9	0	04F1	4	20	FF	65	81
2334)	19158.9	0	0391	8	00	00	00	00	00	00	00	00
2335)	19158.9	0	04F1	4	00	FF	65	91
2336)	19178.9	0	0391	8	00	00	00	00	00	00	00	00
2337)	19178.9	0	04F1	4	00	FF	65	A1
2338)	19198.8	0	0391	8	00	00	00	00	00	00	00	00
2339)	19198.8	0	04F1	4	20	FF	65	B1
2340)	19218.7	0	0391	8	00	00	00	00	00	00	00	00
2341)	19218.7	0	04F1	4	00	FF	65	C1
2342)	19219.7	0	050C	8	C3	FF	03	FF	37	20	60	90
2343)	19238.7	0	0391	8	00	00	00	00	00	00	00	00
2344)	19238.7	0	04F1	4	20	FF	65	D1
2345)	19258.6	0	0391	8	00	00	00	00	00	00	00	00
2346)	19258.6	0	04F1	4	20	FF	65	E1
2347)	19278.5	0	0391	8	00	00	00	00	00	00	00	00
2348)	19278.5	0	04F1	4	00	FF	65	F1
2349)	19298.5	0	0391	8	00	00	00	00	00	00	00	00
2350)	19299.4	0	04F1	4	00	FF	65	01
2351)	19318.4	0	0391	8	00	00	00	00	00	00	00	00
2352)	19319.3	0	04F1	4	20	FF	65	11
2353)	19319.3	0	050C	8	C3	FF	03	FF	37	20	60	A0
2354)	19320.3	0	052A	8	FF	00	00	00	02	00	FF	01
2355)	19338.3	0	0391	8	00	00	00	00	00	00	00	00
2356)	19339.3	0	04F1	4	20	FF	65	21
2357)	19359.2	0	0391	8	00	00	00	00	00	00	00	00
2358)	19359.2	0	04F1	4	00	FF	65	31
2359)	19379.1	0	0391	8	00	00	00	00	00	00	00	00
2360)	19379.1	0	04F1	4	20	FF	65	41
2361)	19399.1	0	0391	8	00	00	00	00	00	00	00	00
2362)	19399.1	0	04F1	4	00	FF	65	51
2363)	19419.1	0	0391	8	00	00	00	00	00	00	00	00
2364)	19419.1	0	04F1	4	00	FF	65	61
2365)	19419.1	0	050C	8	C3	FF	03	FF	37	20	60	B0
2366)	19439.0	0	0391	8	00	00	00	00	00	00	00	00
2367)	19439.0	0	04F1	4	20	FF	65	71
2368)	19458.9	0	0391	8	00	00	00	00	00	00	00	00
2369)	19458.9	0	04F1	4	20	FF	65	81
2370)	19478.9	0	0391	8	00	00	00	00	00	00	00	00
2371)	19478.9	0	04F1	4	00	FF	65	91
